1 10 1
1 11 2
1 12 3
1 13 4
1 14 5
1 15 6
1 16 7
1 17 8
1 18 9
1 19 1
1 20 2
1 21 3
1 22 4
1 23 5
1 24 6
1 25 7
1 26 8
1 27 9
1 28 1
1 29 2
1 30 3
1 31 4
1 32 5
1 33 6
1 34 7
1 35 8
1 36 9
1 37 1
1 38 2
1 39 3
1 40 4
1 41 5
1 42 6
1 43 7
1 44 8
1 45 9
1 46 1
1 47 2
1 48 3
1 49 4
1 50 5
1 51 6
1 52 7
1 53 8
1 54 9
1 55 1
1 56 2
1 57 3
1 58 4
1 59 5
1 60 6
1 61 7
1 62 8
1 63 9
1 64 1
1 65 2
1 66 3
1 67 4
1 68 5
1 69 6
1 70 7
1 71 8
1 72 9
1 73 1
1 74 2
1 75 3
1 76 4
1 77 5
1 78 6
1 79 7
1 80 8
1 81 9
1 82 1
1 83 2
1 84 3
1 85 4
1 86 5
1 87 6
1 88 7
1 89 8
1 90 9
1 91 1
1 92 2
1 93 3
1 94 4
1 95 5
1 96 6
1 97 7
1 98 8
1 99 9
2 5 1
2 6 3
2 7 5
2 8 7
2 9 9
2 10 2
2 11 4
2 12 6
2 13 8
2 14 1
2 15 3
2 16 5
2 17 7
2 18 9
2 19 2
2 20 4
2 21 6
2 22 8
2 23 1
2 24 3
2 25 5
2 26 7
2 27 9
2 28 2
2 29 4
2 30 6
2 31 8
2 32 1
2 33 3
2 34 5
2 35 7
2 36 9
2 37 2
2 38 4
2 39 6
2 40 8
2 41 1
2 42 3
2 43 5
2 44 7
2 45 9
2 46 2
2 47 4
2 48 6
2 49 8
2 50 1
2 51 3
2 52 5
2 53 7
2 54 9
2 55 2
2 56 4
2 57 6
2 58 8
2 59 1
2 60 3
2 61 5
2 62 7
2 63 9
2 64 2
2 65 4
2 66 6
2 67 8
2 68 1
2 69 3
2 70 5
2 71 7
2 72 9
2 73 2
2 74 4
2 75 6
2 76 8
2 77 1
2 78 3
2 79 5
2 80 7
2 81 9
2 82 2
2 83 4
2 84 6
2 85 8
2 86 1
2 87 3
2 88 5
2 89 7
2 90 9
2 91 2
2 92 4
2 93 6
2 94 8
2 95 1
2 96 3
2 97 5
2 98 7
2 99 9
3 4 3
3 5 6
3 6 9
3 7 3
3 8 6
3 9 9
3 10 3
3 11 6
3 12 9
3 13 3
3 14 6
3 15 9
3 16 3
3 17 6
3 18 9
3 19 3
3 20 6
3 21 9
3 22 3
3 23 6
3 24 9
3 25 3
3 26 6
3 27 9
3 28 3
3 29 6
3 30 9
3 31 3
3 32 6
3 33 9
3 34 3
3 35 6
3 36 9
3 37 3
3 38 6
3 39 9
3 40 3
3 41 6
3 42 9
3 43 3
3 44 6
3 45 9
3 46 3
3 47 6
3 48 9
3 49 3
3 50 6
3 51 9
3 52 3
3 53 6
3 54 9
3 55 3
3 56 6
3 57 9
3 58 3
3 59 6
3 60 9
3 61 3
3 62 6
3 63 9
3 64 3
3 65 6
3 66 9
3 67 3
3 68 6
3 69 9
3 70 3
3 71 6
3 72 9
3 73 3
3 74 6
3 75 9
3 76 3
3 77 6
3 78 9
3 79 3
3 80 6
3 81 9
3 82 3
3 83 6
3 84 9
3 85 3
3 86 6
3 87 9
3 88 3
3 89 6
3 90 9
3 91 3
3 92 6
3 93 9
3 94 3
3 95 6
3 96 9
3 97 3
3 98 6
3 99 9
4 3 3
4 4 7
4 5 2
4 6 6
4 7 1
4 8 5
4 9 9
4 10 4
4 11 8
4 12 3
4 13 7
4 14 2
4 15 6
4 16 1
4 17 5
4 18 9
4 19 4
4 20 8
4 21 3
4 22 7
4 23 2
4 24 6
4 25 1
4 26 5
4 27 9
4 28 4
4 29 8
4 30 3
4 31 7
4 32 2
4 33 6
4 34 1
4 35 5
4 36 9
4 37 4
4 38 8
4 39 3
4 40 7
4 41 2
4 42 6
4 43 1
4 44 5
4 45 9
4 46 4
4 47 8
4 48 3
4 49 7
4 50 2
4 51 6
4 52 1
4 53 5
4 54 9
4 55 4
4 56 8
4 57 3
4 58 7
4 59 2
4 60 6
4 61 1
4 62 5
4 63 9
4 64 4
4 65 8
4 66 3
4 67 7
4 68 2
4 69 6
4 70 1
4 71 5
4 72 9
4 73 4
4 74 8
4 75 3
4 76 7
4 77 2
4 78 6
4 79 1
4 80 5
4 81 9
4 82 4
4 83 8
4 84 3
4 85 7
4 86 2
4 87 6
4 88 1
4 89 5
4 90 9
4 91 4
4 92 8
4 93 3
4 94 7
4 95 2
4 96 6
4 97 1
4 98 5
4 99 9
5 2 1
5 3 6
5 4 2
5 5 7
5 6 3
5 7 8
5 8 4
5 9 9
5 10 5
5 11 1
5 12 6
5 13 2
5 14 7
5 15 3
5 16 8
5 17 4
5 18 9
5 19 5
5 20 1
5 21 6
5 22 2
5 23 7
5 24 3
5 25 8
5 26 4
5 27 9
5 28 5
5 29 1
5 30 6
5 31 2
5 32 7
5 33 3
5 34 8
5 35 4
5 36 9
5 37 5
5 38 1
5 39 6
5 40 2
5 41 7
5 42 3
5 43 8
5 44 4
5 45 9
5 46 5
5 47 1
5 48 6
5 49 2
5 50 7
5 51 3
5 52 8
5 53 4
5 54 9
5 55 5
5 56 1
5 57 6
5 58 2
5 59 7
5 60 3
5 61 8
5 62 4
5 63 9
5 64 5
5 65 1
5 66 6
5 67 2
5 68 7
5 69 3
5 70 8
5 71 4
5 72 9
5 73 5
5 74 1
5 75 6
5 76 2
5 77 7
5 78 3
5 79 8
5 80 4
5 81 9
5 82 5
5 83 1
5 84 6
5 85 2
5 86 7
5 87 3
5 88 8
5 89 4
5 90 9
5 91 5
5 92 1
5 93 6
5 94 2
5 95 7
5 96 3
5 97 8
5 98 4
5 99 9
6 2 3
6 3 9
6 4 6
6 5 3
6 6 9
6 7 6
6 8 3
6 9 9
6 10 6
6 11 3
6 12 9
6 13 6
6 14 3
6 15 9
6 16 6
6 17 3
6 18 9
6 19 6
6 20 3
6 21 9
6 22 6
6 23 3
6 24 9
6 25 6
6 26 3
6 27 9
6 28 6
6 29 3
6 30 9
6 31 6
6 32 3
6 33 9
6 34 6
6 35 3
6 36 9
6 37 6
6 38 3
6 39 9
6 40 6
6 41 3
6 42 9
6 43 6
6 44 3
6 45 9
6 46 6
6 47 3
6 48 9
6 49 6
6 50 3
6 51 9
6 52 6
6 53 3
6 54 9
6 55 6
6 56 3
6 57 9
6 58 6
6 59 3
6 60 9
6 61 6
6 62 3
6 63 9
6 64 6
6 65 3
6 66 9
6 67 6
6 68 3
6 69 9
6 70 6
6 71 3
6 72 9
6 73 6
6 74 3
6 75 9
6 76 6
6 77 3
6 78 9
6 79 6
6 80 3
6 81 9
6 82 6
6 83 3
6 84 9
6 85 6
6 86 3
6 87 9
6 88 6
6 89 3
6 90 9
6 91 6
6 92 3
6 93 9
6 94 6
6 95 3
6 96 9
6 97 6
6 98 3
6 99 9
7 2 5
7 3 3
7 4 1
7 5 8
7 6 6
7 7 4
7 8 2
7 9 9
7 10 7
7 11 5
7 12 3
7 13 1
7 14 8
7 15 6
7 16 4
7 17 2
7 18 9
7 19 7
7 20 5
7 21 3
7 22 1
7 23 8
7 24 6
7 25 4
7 26 2
7 27 9
7 28 7
7 29 5
7 30 3
7 31 1
7 32 8
7 33 6
7 34 4
7 35 2
7 36 9
7 37 7
7 38 5
7 39 3
7 40 1
7 41 8
7 42 6
7 43 4
7 44 2
7 45 9
7 46 7
7 47 5
7 48 3
7 49 1
7 50 8
7 51 6
7 52 4
7 53 2
7 54 9
7 55 7
7 56 5
7 57 3
7 58 1
7 59 8
7 60 6
7 61 4
7 62 2
7 63 9
7 64 7
7 65 5
7 66 3
7 67 1
7 68 8
7 69 6
7 70 4
7 71 2
7 72 9
7 73 7
7 74 5
7 75 3
7 76 1
7 77 8
7 78 6
7 79 4
7 80 2
7 81 9
7 82 7
7 83 5
7 84 3
7 85 1
7 86 8
7 87 6
7 88 4
7 89 2
7 90 9
7 91 7
7 92 5
7 93 3
7 94 1
7 95 8
7 96 6
7 97 4
7 98 2
7 99 9
8 2 7
8 3 6
8 4 5
8 5 4
8 6 3
8 7 2
8 8 1
8 9 9
8 10 8
8 11 7
8 12 6
8 13 5
8 14 4
8 15 3
8 16 2
8 17 1
8 18 9
8 19 8
8 20 7
8 21 6
8 22 5
8 23 4
8 24 3
8 25 2
8 26 1
8 27 9
8 28 8
8 29 7
8 30 6
8 31 5
8 32 4
8 33 3
8 34 2
8 35 1
8 36 9
8 37 8
8 38 7
8 39 6
8 40 5
8 41 4
8 42 3
8 43 2
8 44 1
8 45 9
8 46 8
8 47 7
8 48 6
8 49 5
8 50 4
8 51 3
8 52 2
8 53 1
8 54 9
8 55 8
8 56 7
8 57 6
8 58 5
8 59 4
8 60 3
8 61 2
8 62 1
8 63 9
8 64 8
8 65 7
8 66 6
8 67 5
8 68 4
8 69 3
8 70 2
8 71 1
8 72 9
8 73 8
8 74 7
8 75 6
8 76 5
8 77 4
8 78 3
8 79 2
8 80 1
8 81 9
8 82 8
8 83 7
8 84 6
8 85 5
8 86 4
8 87 3
8 88 2
8 89 1
8 90 9
8 91 8
8 92 7
8 93 6
8 94 5
8 95 4
8 96 3
8 97 2
8 98 1
8 99 9
9 2 9
9 3 9
9 4 9
9 5 9
9 6 9
9 7 9
9 8 9
9 9 9
9 10 9
9 11 9
9 12 9
9 13 9
9 14 9
9 15 9
9 16 9
9 17 9
9 18 9
9 19 9
9 20 9
9 21 9
9 22 9
9 23 9
9 24 9
9 25 9
9 26 9
9 27 9
9 28 9
9 29 9
9 30 9
9 31 9
9 32 9
9 33 9
9 34 9
9 35 9
9 36 9
9 37 9
9 38 9
9 39 9
9 40 9
9 41 9
9 42 9
9 43 9
9 44 9
9 45 9
9 46 9
9 47 9
9 48 9
9 49 9
9 50 9
9 51 9
9 52 9
9 53 9
9 54 9
9 55 9
9 56 9
9 57 9
9 58 9
9 59 9
9 60 9
9 61 9
9 62 9
9 63 9
9 64 9
9 65 9
9 66 9
9 67 9
9 68 9
9 69 9
9 70 9
9 71 9
9 72 9
9 73 9
9 74 9
9 75 9
9 76 9
9 77 9
9 78 9
9 79 9
9 80 9
9 81 9
9 82 9
9 83 9
9 84 9
9 85 9
9 86 9
9 87 9
9 88 9
9 89 9
9 90 9
9 91 9
9 92 9
9 93 9
9 94 9
9 95 9
9 96 9
9 97 9
9 98 9
9 99 9
10 1 1
10 2 2
10 3 3
10 4 4
10 5 5
10 6 6
10 7 7
10 8 8
10 9 9
10 10 1
10 11 2
10 12 3
10 13 4
10 14 5
10 15 6
10 16 7
10 17 8
10 18 9
10 19 1
10 20 2
10 21 3
10 22 4
10 23 5
10 24 6
10 25 7
10 26 8
10 27 9
10 28 1
10 29 2
10 30 3
10 31 4
10 32 5
10 33 6
10 34 7
10 35 8
10 36 9
10 37 1
10 38 2
10 39 3
10 40 4
10 41 5
10 42 6
10 43 7
10 44 8
10 45 9
10 46 1
10 47 2
10 48 3
10 49 4
10 50 5
10 51 6
10 52 7
10 53 8
10 54 9
10 55 1
10 56 2
10 57 3
10 58 4
10 59 5
10 60 6
10 61 7
10 62 8
10 63 9
10 64 1
10 65 2
10 66 3
10 67 4
10 68 5
10 69 6
10 70 7
10 71 8
10 72 9
10 73 1
10 74 2
10 75 3
10 76 4
10 77 5
10 78 6
10 79 7
10 80 8
10 81 9
10 82 1
10 83 2
10 84 3
10 85 4
10 86 5
10 87 6
10 88 7
10 89 8
10 90 9
10 91 1
10 92 2
10 93 3
10 94 4
10 95 5
10 96 6
10 97 7
10 98 8
10 99 9
11 1 2
11 2 4
11 3 6
11 4 8
11 5 1
11 6 3
11 7 5
11 8 7
11 9 9
11 10 2
11 11 4
11 12 6
11 13 8
11 14 1
11 15 3
11 16 5
11 17 7
11 18 9
11 19 2
11 20 4
11 21 6
11 22 8
11 23 1
11 24 3
11 25 5
11 26 7
11 27 9
11 28 2
11 29 4
11 30 6
11 31 8
11 32 1
11 33 3
11 34 5
11 35 7
11 36 9
11 37 2
11 38 4
11 39 6
11 40 8
11 41 1
11 42 3
11 43 5
11 44 7
11 45 9
11 46 2
11 47 4
11 48 6
11 49 8
11 50 1
11 51 3
11 52 5
11 53 7
11 54 9
11 55 2
11 56 4
11 57 6
11 58 8
11 59 1
11 60 3
11 61 5
11 62 7
11 63 9
11 64 2
11 65 4
11 66 6
11 67 8
11 68 1
11 69 3
11 70 5
11 71 7
11 72 9
11 73 2
11 74 4
11 75 6
11 76 8
11 77 1
11 78 3
11 79 5
11 80 7
11 81 9
11 82 2
11 83 4
11 84 6
11 85 8
11 86 1
11 87 3
11 88 5
11 89 7
11 90 9
11 91 2
11 92 4
11 93 6
11 94 8
11 95 1
11 96 3
11 97 5
11 98 7
11 99 9
12 1 3
12 2 6
12 3 9
12 4 3
12 5 6
12 6 9
12 7 3
12 8 6
12 9 9
12 10 3
12 11 6
12 12 9
12 13 3
12 14 6
12 15 9
12 16 3
12 17 6
12 18 9
12 19 3
12 20 6
12 21 9
12 22 3
12 23 6
12 24 9
12 25 3
12 26 6
12 27 9
12 28 3
12 29 6
12 30 9
12 31 3
12 32 6
12 33 9
12 34 3
12 35 6
12 36 9
12 37 3
12 38 6
12 39 9
12 40 3
12 41 6
12 42 9
12 43 3
12 44 6
12 45 9
12 46 3
12 47 6
12 48 9
12 49 3
12 50 6
12 51 9
12 52 3
12 53 6
12 54 9
12 55 3
12 56 6
12 57 9
12 58 3
12 59 6
12 60 9
12 61 3
12 62 6
12 63 9
12 64 3
12 65 6
12 66 9
12 67 3
12 68 6
12 69 9
12 70 3
12 71 6
12 72 9
12 73 3
12 74 6
12 75 9
12 76 3
12 77 6
12 78 9
12 79 3
12 80 6
12 81 9
12 82 3
12 83 6
12 84 9
12 85 3
12 86 6
12 87 9
12 88 3
12 89 6
12 90 9
12 91 3
12 92 6
12 93 9
12 94 3
12 95 6
12 96 9
12 97 3
12 98 6
12 99 9
13 1 4
13 2 8
13 3 3
13 4 7
13 5 2
13 6 6
13 7 1
13 8 5
13 9 9
13 10 4
13 11 8
13 12 3
13 13 7
13 14 2
13 15 6
13 16 1
13 17 5
13 18 9
13 19 4
13 20 8
13 21 3
13 22 7
13 23 2
13 24 6
13 25 1
13 26 5
13 27 9
13 28 4
13 29 8
13 30 3
13 31 7
13 32 2
13 33 6
13 34 1
13 35 5
13 36 9
13 37 4
13 38 8
13 39 3
13 40 7
13 41 2
13 42 6
13 43 1
13 44 5
13 45 9
13 46 4
13 47 8
13 48 3
13 49 7
13 50 2
13 51 6
13 52 1
13 53 5
13 54 9
13 55 4
13 56 8
13 57 3
13 58 7
13 59 2
13 60 6
13 61 1
13 62 5
13 63 9
13 64 4
13 65 8
13 66 3
13 67 7
13 68 2
13 69 6
13 70 1
13 71 5
13 72 9
13 73 4
13 74 8
13 75 3
13 76 7
13 77 2
13 78 6
13 79 1
13 80 5
13 81 9
13 82 4
13 83 8
13 84 3
13 85 7
13 86 2
13 87 6
13 88 1
13 89 5
13 90 9
13 91 4
13 92 8
13 93 3
13 94 7
13 95 2
13 96 6
13 97 1
13 98 5
13 99 9
14 1 5
14 2 1
14 3 6
14 4 2
14 5 7
14 6 3
14 7 8
14 8 4
14 9 9
14 10 5
14 11 1
14 12 6
14 13 2
14 14 7
14 15 3
14 16 8
14 17 4
14 18 9
14 19 5
14 20 1
14 21 6
14 22 2
14 23 7
14 24 3
14 25 8
14 26 4
14 27 9
14 28 5
14 29 1
14 30 6
14 31 2
14 32 7
14 33 3
14 34 8
14 35 4
14 36 9
14 37 5
14 38 1
14 39 6
14 40 2
14 41 7
14 42 3
14 43 8
14 44 4
14 45 9
14 46 5
14 47 1
14 48 6
14 49 2
14 50 7
14 51 3
14 52 8
14 53 4
14 54 9
14 55 5
14 56 1
14 57 6
14 58 2
14 59 7
14 60 3
14 61 8
14 62 4
14 63 9
14 64 5
14 65 1
14 66 6
14 67 2
14 68 7
14 69 3
14 70 8
14 71 4
14 72 9
14 73 5
14 74 1
14 75 6
14 76 2
14 77 7
14 78 3
14 79 8
14 80 4
14 81 9
14 82 5
14 83 1
14 84 6
14 85 2
14 86 7
14 87 3
14 88 8
14 89 4
14 90 9
14 91 5
14 92 1
14 93 6
14 94 2
14 95 7
14 96 3
14 97 8
14 98 4
14 99 9
15 1 6
15 2 3
15 3 9
15 4 6
15 5 3
15 6 9
15 7 6
15 8 3
15 9 9
15 10 6
15 11 3
15 12 9
15 13 6
15 14 3
15 15 9
15 16 6
15 17 3
15 18 9
15 19 6
15 20 3
15 21 9
15 22 6
15 23 3
15 24 9
15 25 6
15 26 3
15 27 9
15 28 6
15 29 3
15 30 9
15 31 6
15 32 3
15 33 9
15 34 6
15 35 3
15 36 9
15 37 6
15 38 3
15 39 9
15 40 6
15 41 3
15 42 9
15 43 6
15 44 3
15 45 9
15 46 6
15 47 3
15 48 9
15 49 6
15 50 3
15 51 9
15 52 6
15 53 3
15 54 9
15 55 6
15 56 3
15 57 9
15 58 6
15 59 3
15 60 9
15 61 6
15 62 3
15 63 9
15 64 6
15 65 3
15 66 9
15 67 6
15 68 3
15 69 9
15 70 6
15 71 3
15 72 9
15 73 6
15 74 3
15 75 9
15 76 6
15 77 3
15 78 9
15 79 6
15 80 3
15 81 9
15 82 6
15 83 3
15 84 9
15 85 6
15 86 3
15 87 9
15 88 6
15 89 3
15 90 9
15 91 6
15 92 3
15 93 9
15 94 6
15 95 3
15 96 9
15 97 6
15 98 3
15 99 9
16 1 7
16 2 5
16 3 3
16 4 1
16 5 8
16 6 6
16 7 4
16 8 2
16 9 9
16 10 7
16 11 5
16 12 3
16 13 1
16 14 8
16 15 6
16 16 4
16 17 2
16 18 9
16 19 7
16 20 5
16 21 3
16 22 1
16 23 8
16 24 6
16 25 4
16 26 2
16 27 9
16 28 7
16 29 5
16 30 3
16 31 1
16 32 8
16 33 6
16 34 4
16 35 2
16 36 9
16 37 7
16 38 5
16 39 3
16 40 1
16 41 8
16 42 6
16 43 4
16 44 2
16 45 9
16 46 7
16 47 5
16 48 3
16 49 1
16 50 8
16 51 6
16 52 4
16 53 2
16 54 9
16 55 7
16 56 5
16 57 3
16 58 1
16 59 8
16 60 6
16 61 4
16 62 2
16 63 9
16 64 7
16 65 5
16 66 3
16 67 1
16 68 8
16 69 6
16 70 4
16 71 2
16 72 9
16 73 7
16 74 5
16 75 3
16 76 1
16 77 8
16 78 6
16 79 4
16 80 2
16 81 9
16 82 7
16 83 5
16 84 3
16 85 1
16 86 8
16 87 6
16 88 4
16 89 2
16 90 9
16 91 7
16 92 5
16 93 3
16 94 1
16 95 8
16 96 6
16 97 4
16 98 2
16 99 9
17 1 8
17 2 7
17 3 6
17 4 5
17 5 4
17 6 3
17 7 2
17 8 1
17 9 9
17 10 8
17 11 7
17 12 6
17 13 5
17 14 4
17 15 3
17 16 2
17 17 1
17 18 9
17 19 8
17 20 7
17 21 6
17 22 5
17 23 4
17 24 3
17 25 2
17 26 1
17 27 9
17 28 8
17 29 7
17 30 6
17 31 5
17 32 4
17 33 3
17 34 2
17 35 1
17 36 9
17 37 8
17 38 7
17 39 6
17 40 5
17 41 4
17 42 3
17 43 2
17 44 1
17 45 9
17 46 8
17 47 7
17 48 6
17 49 5
17 50 4
17 51 3
17 52 2
17 53 1
17 54 9
17 55 8
17 56 7
17 57 6
17 58 5
17 59 4
17 60 3
17 61 2
17 62 1
17 63 9
17 64 8
17 65 7
17 66 6
17 67 5
17 68 4
17 69 3
17 70 2
17 71 1
17 72 9
17 73 8
17 74 7
17 75 6
17 76 5
17 77 4
17 78 3
17 79 2
17 80 1
17 81 9
17 82 8
17 83 7
17 84 6
17 85 5
17 86 4
17 87 3
17 88 2
17 89 1
17 90 9
17 91 8
17 92 7
17 93 6
17 94 5
17 95 4
17 96 3
17 97 2
17 98 1
17 99 9
18 1 9
18 2 9
18 3 9
18 4 9
18 5 9
18 6 9
18 7 9
18 8 9
18 9 9
18 10 9
18 11 9
18 12 9
18 13 9
18 14 9
18 15 9
18 16 9
18 17 9
18 18 9
18 19 9
18 20 9
18 21 9
18 22 9
18 23 9
18 24 9
18 25 9
18 26 9
18 27 9
18 28 9
18 29 9
18 30 9
18 31 9
18 32 9
18 33 9
18 34 9
18 35 9
18 36 9
18 37 9
18 38 9
18 39 9
18 40 9
18 41 9
18 42 9
18 43 9
18 44 9
18 45 9
18 46 9
18 47 9
18 48 9
18 49 9
18 50 9
18 51 9
18 52 9
18 53 9
18 54 9
18 55 9
18 56 9
18 57 9
18 58 9
18 59 9
18 60 9
18 61 9
18 62 9
18 63 9
18 64 9
18 65 9
18 66 9
18 67 9
18 68 9
18 69 9
18 70 9
18 71 9
18 72 9
18 73 9
18 74 9
18 75 9
18 76 9
18 77 9
18 78 9
18 79 9
18 80 9
18 81 9
18 82 9
18 83 9
18 84 9
18 85 9
18 86 9
18 87 9
18 88 9
18 89 9
18 90 9
18 91 9
18 92 9
18 93 9
18 94 9
18 95 9
18 96 9
18 97 9
18 98 9
18 99 9
19 1 1
19 2 2
19 3 3
19 4 4
19 5 5
19 6 6
19 7 7
19 8 8
19 9 9
19 10 1
19 11 2
19 12 3
19 13 4
19 14 5
19 15 6
19 16 7
19 17 8
19 18 9
19 19 1
19 20 2
19 21 3
19 22 4
19 23 5
19 24 6
19 25 7
19 26 8
19 27 9
19 28 1
19 29 2
19 30 3
19 31 4
19 32 5
19 33 6
19 34 7
19 35 8
19 36 9
19 37 1
19 38 2
19 39 3
19 40 4
19 41 5
19 42 6
19 43 7
19 44 8
19 45 9
19 46 1
19 47 2
19 48 3
19 49 4
19 50 5
19 51 6
19 52 7
19 53 8
19 54 9
19 55 1
19 56 2
19 57 3
19 58 4
19 59 5
19 60 6
19 61 7
19 62 8
19 63 9
19 64 1
19 65 2
19 66 3
19 67 4
19 68 5
19 69 6
19 70 7
19 71 8
19 72 9
19 73 1
19 74 2
19 75 3
19 76 4
19 77 5
19 78 6
19 79 7
19 80 8
19 81 9
19 82 1
19 83 2
19 84 3
19 85 4
19 86 5
19 87 6
19 88 7
19 89 8
19 90 9
19 91 1
19 92 2
19 93 3
19 94 4
19 95 5
19 96 6
19 97 7
19 98 8
19 99 9
20 1 2
20 2 4
20 3 6
20 4 8
20 5 1
20 6 3
20 7 5
20 8 7
20 9 9
20 10 2
20 11 4
20 12 6
20 13 8
20 14 1
20 15 3
20 16 5
20 17 7
20 18 9
20 19 2
20 20 4
20 21 6
20 22 8
20 23 1
20 24 3
20 25 5
20 26 7
20 27 9
20 28 2
20 29 4
20 30 6
20 31 8
20 32 1
20 33 3
20 34 5
20 35 7
20 36 9
20 37 2
20 38 4
20 39 6
20 40 8
20 41 1
20 42 3
20 43 5
20 44 7
20 45 9
20 46 2
20 47 4
20 48 6
20 49 8
20 50 1
20 51 3
20 52 5
20 53 7
20 54 9
20 55 2
20 56 4
20 57 6
20 58 8
20 59 1
20 60 3
20 61 5
20 62 7
20 63 9
20 64 2
20 65 4
20 66 6
20 67 8
20 68 1
20 69 3
20 70 5
20 71 7
20 72 9
20 73 2
20 74 4
20 75 6
20 76 8
20 77 1
20 78 3
20 79 5
20 80 7
20 81 9
20 82 2
20 83 4
20 84 6
20 85 8
20 86 1
20 87 3
20 88 5
20 89 7
20 90 9
20 91 2
20 92 4
20 93 6
20 94 8
20 95 1
20 96 3
20 97 5
20 98 7
20 99 9
21 1 3
21 2 6
21 3 9
21 4 3
21 5 6
21 6 9
21 7 3
21 8 6
21 9 9
21 10 3
21 11 6
21 12 9
21 13 3
21 14 6
21 15 9
21 16 3
21 17 6
21 18 9
21 19 3
21 20 6
21 21 9
21 22 3
21 23 6
21 24 9
21 25 3
21 26 6
21 27 9
21 28 3
21 29 6
21 30 9
21 31 3
21 32 6
21 33 9
21 34 3
21 35 6
21 36 9
21 37 3
21 38 6
21 39 9
21 40 3
21 41 6
21 42 9
21 43 3
21 44 6
21 45 9
21 46 3
21 47 6
21 48 9
21 49 3
21 50 6
21 51 9
21 52 3
21 53 6
21 54 9
21 55 3
21 56 6
21 57 9
21 58 3
21 59 6
21 60 9
21 61 3
21 62 6
21 63 9
21 64 3
21 65 6
21 66 9
21 67 3
21 68 6
21 69 9
21 70 3
21 71 6
21 72 9
21 73 3
21 74 6
21 75 9
21 76 3
21 77 6
21 78 9
21 79 3
21 80 6
21 81 9
21 82 3
21 83 6
21 84 9
21 85 3
21 86 6
21 87 9
21 88 3
21 89 6
21 90 9
21 91 3
21 92 6
21 93 9
21 94 3
21 95 6
21 96 9
21 97 3
21 98 6
21 99 9
22 1 4
22 2 8
22 3 3
22 4 7
22 5 2
22 6 6
22 7 1
22 8 5
22 9 9
22 10 4
22 11 8
22 12 3
22 13 7
22 14 2
22 15 6
22 16 1
22 17 5
22 18 9
22 19 4
22 20 8
22 21 3
22 22 7
22 23 2
22 24 6
22 25 1
22 26 5
22 27 9
22 28 4
22 29 8
22 30 3
22 31 7
22 32 2
22 33 6
22 34 1
22 35 5
22 36 9
22 37 4
22 38 8
22 39 3
22 40 7
22 41 2
22 42 6
22 43 1
22 44 5
22 45 9
22 46 4
22 47 8
22 48 3
22 49 7
22 50 2
22 51 6
22 52 1
22 53 5
22 54 9
22 55 4
22 56 8
22 57 3
22 58 7
22 59 2
22 60 6
22 61 1
22 62 5
22 63 9
22 64 4
22 65 8
22 66 3
22 67 7
22 68 2
22 69 6
22 70 1
22 71 5
22 72 9
22 73 4
22 74 8
22 75 3
22 76 7
22 77 2
22 78 6
22 79 1
22 80 5
22 81 9
22 82 4
22 83 8
22 84 3
22 85 7
22 86 2
22 87 6
22 88 1
22 89 5
22 90 9
22 91 4
22 92 8
22 93 3
22 94 7
22 95 2
22 96 6
22 97 1
22 98 5
22 99 9
23 1 5
23 2 1
23 3 6
23 4 2
23 5 7
23 6 3
23 7 8
23 8 4
23 9 9
23 10 5
23 11 1
23 12 6
23 13 2
23 14 7
23 15 3
23 16 8
23 17 4
23 18 9
23 19 5
23 20 1
23 21 6
23 22 2
23 23 7
23 24 3
23 25 8
23 26 4
23 27 9
23 28 5
23 29 1
23 30 6
23 31 2
23 32 7
23 33 3
23 34 8
23 35 4
23 36 9
23 37 5
23 38 1
23 39 6
23 40 2
23 41 7
23 42 3
23 43 8
23 44 4
23 45 9
23 46 5
23 47 1
23 48 6
23 49 2
23 50 7
23 51 3
23 52 8
23 53 4
23 54 9
23 55 5
23 56 1
23 57 6
23 58 2
23 59 7
23 60 3
23 61 8
23 62 4
23 63 9
23 64 5
23 65 1
23 66 6
23 67 2
23 68 7
23 69 3
23 70 8
23 71 4
23 72 9
23 73 5
23 74 1
23 75 6
23 76 2
23 77 7
23 78 3
23 79 8
23 80 4
23 81 9
23 82 5
23 83 1
23 84 6
23 85 2
23 86 7
23 87 3
23 88 8
23 89 4
23 90 9
23 91 5
23 92 1
23 93 6
23 94 2
23 95 7
23 96 3
23 97 8
23 98 4
23 99 9
24 1 6
24 2 3
24 3 9
24 4 6
24 5 3
24 6 9
24 7 6
24 8 3
24 9 9
24 10 6
24 11 3
24 12 9
24 13 6
24 14 3
24 15 9
24 16 6
24 17 3
24 18 9
24 19 6
24 20 3
24 21 9
24 22 6
24 23 3
24 24 9
24 25 6
24 26 3
24 27 9
24 28 6
24 29 3
24 30 9
24 31 6
24 32 3
24 33 9
24 34 6
24 35 3
24 36 9
24 37 6
24 38 3
24 39 9
24 40 6
24 41 3
24 42 9
24 43 6
24 44 3
24 45 9
24 46 6
24 47 3
24 48 9
24 49 6
24 50 3
24 51 9
24 52 6
24 53 3
24 54 9
24 55 6
24 56 3
24 57 9
24 58 6
24 59 3
24 60 9
24 61 6
24 62 3
24 63 9
24 64 6
24 65 3
24 66 9
24 67 6
24 68 3
24 69 9
24 70 6
24 71 3
24 72 9
24 73 6
24 74 3
24 75 9
24 76 6
24 77 3
24 78 9
24 79 6
24 80 3
24 81 9
24 82 6
24 83 3
24 84 9
24 85 6
24 86 3
24 87 9
24 88 6
24 89 3
24 90 9
24 91 6
24 92 3
24 93 9
24 94 6
24 95 3
24 96 9
24 97 6
24 98 3
24 99 9
25 1 7
25 2 5
25 3 3
25 4 1
25 5 8
25 6 6
25 7 4
25 8 2
25 9 9
25 10 7
25 11 5
25 12 3
25 13 1
25 14 8
25 15 6
25 16 4
25 17 2
25 18 9
25 19 7
25 20 5
25 21 3
25 22 1
25 23 8
25 24 6
25 25 4
25 26 2
25 27 9
25 28 7
25 29 5
25 30 3
25 31 1
25 32 8
25 33 6
25 34 4
25 35 2
25 36 9
25 37 7
25 38 5
25 39 3
25 40 1
25 41 8
25 42 6
25 43 4
25 44 2
25 45 9
25 46 7
25 47 5
25 48 3
25 49 1
25 50 8
25 51 6
25 52 4
25 53 2
25 54 9
25 55 7
25 56 5
25 57 3
25 58 1
25 59 8
25 60 6
25 61 4
25 62 2
25 63 9
25 64 7
25 65 5
25 66 3
25 67 1
25 68 8
25 69 6
25 70 4
25 71 2
25 72 9
25 73 7
25 74 5
25 75 3
25 76 1
25 77 8
25 78 6
25 79 4
25 80 2
25 81 9
25 82 7
25 83 5
25 84 3
25 85 1
25 86 8
25 87 6
25 88 4
25 89 2
25 90 9
25 91 7
25 92 5
25 93 3
25 94 1
25 95 8
25 96 6
25 97 4
25 98 2
25 99 9
26 1 8
26 2 7
26 3 6
26 4 5
26 5 4
26 6 3
26 7 2
26 8 1
26 9 9
26 10 8
26 11 7
26 12 6
26 13 5
26 14 4
26 15 3
26 16 2
26 17 1
26 18 9
26 19 8
26 20 7
26 21 6
26 22 5
26 23 4
26 24 3
26 25 2
26 26 1
26 27 9
26 28 8
26 29 7
26 30 6
26 31 5
26 32 4
26 33 3
26 34 2
26 35 1
26 36 9
26 37 8
26 38 7
26 39 6
26 40 5
26 41 4
26 42 3
26 43 2
26 44 1
26 45 9
26 46 8
26 47 7
26 48 6
26 49 5
26 50 4
26 51 3
26 52 2
26 53 1
26 54 9
26 55 8
26 56 7
26 57 6
26 58 5
26 59 4
26 60 3
26 61 2
26 62 1
26 63 9
26 64 8
26 65 7
26 66 6
26 67 5
26 68 4
26 69 3
26 70 2
26 71 1
26 72 9
26 73 8
26 74 7
26 75 6
26 76 5
26 77 4
26 78 3
26 79 2
26 80 1
26 81 9
26 82 8
26 83 7
26 84 6
26 85 5
26 86 4
26 87 3
26 88 2
26 89 1
26 90 9
26 91 8
26 92 7
26 93 6
26 94 5
26 95 4
26 96 3
26 97 2
26 98 1
26 99 9
27 1 9
27 2 9
27 3 9
27 4 9
27 5 9
27 6 9
27 7 9
27 8 9
27 9 9
27 10 9
27 11 9
27 12 9
27 13 9
27 14 9
27 15 9
27 16 9
27 17 9
27 18 9
27 19 9
27 20 9
27 21 9
27 22 9
27 23 9
27 24 9
27 25 9
27 26 9
27 27 9
27 28 9
27 29 9
27 30 9
27 31 9
27 32 9
27 33 9
27 34 9
27 35 9
27 36 9
27 37 9
27 38 9
27 39 9
27 40 9
27 41 9
27 42 9
27 43 9
27 44 9
27 45 9
27 46 9
27 47 9
27 48 9
27 49 9
27 50 9
27 51 9
27 52 9
27 53 9
27 54 9
27 55 9
27 56 9
27 57 9
27 58 9
27 59 9
27 60 9
27 61 9
27 62 9
27 63 9
27 64 9
27 65 9
27 66 9
27 67 9
27 68 9
27 69 9
27 70 9
27 71 9
27 72 9
27 73 9
27 74 9
27 75 9
27 76 9
27 77 9
27 78 9
27 79 9
27 80 9
27 81 9
27 82 9
27 83 9
27 84 9
27 85 9
27 86 9
27 87 9
27 88 9
27 89 9
27 90 9
27 91 9
27 92 9
27 93 9
27 94 9
27 95 9
27 96 9
27 97 9
27 98 9
27 99 9
28 1 1
28 2 2
28 3 3
28 4 4
28 5 5
28 6 6
28 7 7
28 8 8
28 9 9
28 10 1
28 11 2
28 12 3
28 13 4
28 14 5
28 15 6
28 16 7
28 17 8
28 18 9
28 19 1
28 20 2
28 21 3
28 22 4
28 23 5
28 24 6
28 25 7
28 26 8
28 27 9
28 28 1
28 29 2
28 30 3
28 31 4
28 32 5
28 33 6
28 34 7
28 35 8
28 36 9
28 37 1
28 38 2
28 39 3
28 40 4
28 41 5
28 42 6
28 43 7
28 44 8
28 45 9
28 46 1
28 47 2
28 48 3
28 49 4
28 50 5
28 51 6
28 52 7
28 53 8
28 54 9
28 55 1
28 56 2
28 57 3
28 58 4
28 59 5
28 60 6
28 61 7
28 62 8
28 63 9
28 64 1
28 65 2
28 66 3
28 67 4
28 68 5
28 69 6
28 70 7
28 71 8
28 72 9
28 73 1
28 74 2
28 75 3
28 76 4
28 77 5
28 78 6
28 79 7
28 80 8
28 81 9
28 82 1
28 83 2
28 84 3
28 85 4
28 86 5
28 87 6
28 88 7
28 89 8
28 90 9
28 91 1
28 92 2
28 93 3
28 94 4
28 95 5
28 96 6
28 97 7
28 98 8
28 99 9
29 1 2
29 2 4
29 3 6
29 4 8
29 5 1
29 6 3
29 7 5
29 8 7
29 9 9
29 10 2
29 11 4
29 12 6
29 13 8
29 14 1
29 15 3
29 16 5
29 17 7
29 18 9
29 19 2
29 20 4
29 21 6
29 22 8
29 23 1
29 24 3
29 25 5
29 26 7
29 27 9
29 28 2
29 29 4
29 30 6
29 31 8
29 32 1
29 33 3
29 34 5
29 35 7
29 36 9
29 37 2
29 38 4
29 39 6
29 40 8
29 41 1
29 42 3
29 43 5
29 44 7
29 45 9
29 46 2
29 47 4
29 48 6
29 49 8
29 50 1
29 51 3
29 52 5
29 53 7
29 54 9
29 55 2
29 56 4
29 57 6
29 58 8
29 59 1
29 60 3
29 61 5
29 62 7
29 63 9
29 64 2
29 65 4
29 66 6
29 67 8
29 68 1
29 69 3
29 70 5
29 71 7
29 72 9
29 73 2
29 74 4
29 75 6
29 76 8
29 77 1
29 78 3
29 79 5
29 80 7
29 81 9
29 82 2
29 83 4
29 84 6
29 85 8
29 86 1
29 87 3
29 88 5
29 89 7
29 90 9
29 91 2
29 92 4
29 93 6
29 94 8
29 95 1
29 96 3
29 97 5
29 98 7
29 99 9
30 1 3
30 2 6
30 3 9
30 4 3
30 5 6
30 6 9
30 7 3
30 8 6
30 9 9
30 10 3
30 11 6
30 12 9
30 13 3
30 14 6
30 15 9
30 16 3
30 17 6
30 18 9
30 19 3
30 20 6
30 21 9
30 22 3
30 23 6
30 24 9
30 25 3
30 26 6
30 27 9
30 28 3
30 29 6
30 30 9
30 31 3
30 32 6
30 33 9
30 34 3
30 35 6
30 36 9
30 37 3
30 38 6
30 39 9
30 40 3
30 41 6
30 42 9
30 43 3
30 44 6
30 45 9
30 46 3
30 47 6
30 48 9
30 49 3
30 50 6
30 51 9
30 52 3
30 53 6
30 54 9
30 55 3
30 56 6
30 57 9
30 58 3
30 59 6
30 60 9
30 61 3
30 62 6
30 63 9
30 64 3
30 65 6
30 66 9
30 67 3
30 68 6
30 69 9
30 70 3
30 71 6
30 72 9
30 73 3
30 74 6
30 75 9
30 76 3
30 77 6
30 78 9
30 79 3
30 80 6
30 81 9
30 82 3
30 83 6
30 84 9
30 85 3
30 86 6
30 87 9
30 88 3
30 89 6
30 90 9
30 91 3
30 92 6
30 93 9
30 94 3
30 95 6
30 96 9
30 97 3
30 98 6
30 99 9
31 1 4
31 2 8
31 3 3
31 4 7
31 5 2
31 6 6
31 7 1
31 8 5
31 9 9
31 10 4
31 11 8
31 12 3
31 13 7
31 14 2
31 15 6
31 16 1
31 17 5
31 18 9
31 19 4
31 20 8
31 21 3
31 22 7
31 23 2
31 24 6
31 25 1
31 26 5
31 27 9
31 28 4
31 29 8
31 30 3
31 31 7
31 32 2
31 33 6
31 34 1
31 35 5
31 36 9
31 37 4
31 38 8
31 39 3
31 40 7
31 41 2
31 42 6
31 43 1
31 44 5
31 45 9
31 46 4
31 47 8
31 48 3
31 49 7
31 50 2
31 51 6
31 52 1
31 53 5
31 54 9
31 55 4
31 56 8
31 57 3
31 58 7
31 59 2
31 60 6
31 61 1
31 62 5
31 63 9
31 64 4
31 65 8
31 66 3
31 67 7
31 68 2
31 69 6
31 70 1
31 71 5
31 72 9
31 73 4
31 74 8
31 75 3
31 76 7
31 77 2
31 78 6
31 79 1
31 80 5
31 81 9
31 82 4
31 83 8
31 84 3
31 85 7
31 86 2
31 87 6
31 88 1
31 89 5
31 90 9
31 91 4
31 92 8
31 93 3
31 94 7
31 95 2
31 96 6
31 97 1
31 98 5
31 99 9
32 1 5
32 2 1
32 3 6
32 4 2
32 5 7
32 6 3
32 7 8
32 8 4
32 9 9
32 10 5
32 11 1
32 12 6
32 13 2
32 14 7
32 15 3
32 16 8
32 17 4
32 18 9
32 19 5
32 20 1
32 21 6
32 22 2
32 23 7
32 24 3
32 25 8
32 26 4
32 27 9
32 28 5
32 29 1
32 30 6
32 31 2
32 32 7
32 33 3
32 34 8
32 35 4
32 36 9
32 37 5
32 38 1
32 39 6
32 40 2
32 41 7
32 42 3
32 43 8
32 44 4
32 45 9
32 46 5
32 47 1
32 48 6
32 49 2
32 50 7
32 51 3
32 52 8
32 53 4
32 54 9
32 55 5
32 56 1
32 57 6
32 58 2
32 59 7
32 60 3
32 61 8
32 62 4
32 63 9
32 64 5
32 65 1
32 66 6
32 67 2
32 68 7
32 69 3
32 70 8
32 71 4
32 72 9
32 73 5
32 74 1
32 75 6
32 76 2
32 77 7
32 78 3
32 79 8
32 80 4
32 81 9
32 82 5
32 83 1
32 84 6
32 85 2
32 86 7
32 87 3
32 88 8
32 89 4
32 90 9
32 91 5
32 92 1
32 93 6
32 94 2
32 95 7
32 96 3
32 97 8
32 98 4
32 99 9
33 1 6
33 2 3
33 3 9
33 4 6
33 5 3
33 6 9
33 7 6
33 8 3
33 9 9
33 10 6
33 11 3
33 12 9
33 13 6
33 14 3
33 15 9
33 16 6
33 17 3
33 18 9
33 19 6
33 20 3
33 21 9
33 22 6
33 23 3
33 24 9
33 25 6
33 26 3
33 27 9
33 28 6
33 29 3
33 30 9
33 31 6
33 32 3
33 33 9
33 34 6
33 35 3
33 36 9
33 37 6
33 38 3
33 39 9
33 40 6
33 41 3
33 42 9
33 43 6
33 44 3
33 45 9
33 46 6
33 47 3
33 48 9
33 49 6
33 50 3
33 51 9
33 52 6
33 53 3
33 54 9
33 55 6
33 56 3
33 57 9
33 58 6
33 59 3
33 60 9
33 61 6
33 62 3
33 63 9
33 64 6
33 65 3
33 66 9
33 67 6
33 68 3
33 69 9
33 70 6
33 71 3
33 72 9
33 73 6
33 74 3
33 75 9
33 76 6
33 77 3
33 78 9
33 79 6
33 80 3
33 81 9
33 82 6
33 83 3
33 84 9
33 85 6
33 86 3
33 87 9
33 88 6
33 89 3
33 90 9
33 91 6
33 92 3
33 93 9
33 94 6
33 95 3
33 96 9
33 97 6
33 98 3
33 99 9
34 1 7
34 2 5
34 3 3
34 4 1
34 5 8
34 6 6
34 7 4
34 8 2
34 9 9
34 10 7
34 11 5
34 12 3
34 13 1
34 14 8
34 15 6
34 16 4
34 17 2
34 18 9
34 19 7
34 20 5
34 21 3
34 22 1
34 23 8
34 24 6
34 25 4
34 26 2
34 27 9
34 28 7
34 29 5
34 30 3
34 31 1
34 32 8
34 33 6
34 34 4
34 35 2
34 36 9
34 37 7
34 38 5
34 39 3
34 40 1
34 41 8
34 42 6
34 43 4
34 44 2
34 45 9
34 46 7
34 47 5
34 48 3
34 49 1
34 50 8
34 51 6
34 52 4
34 53 2
34 54 9
34 55 7
34 56 5
34 57 3
34 58 1
34 59 8
34 60 6
34 61 4
34 62 2
34 63 9
34 64 7
34 65 5
34 66 3
34 67 1
34 68 8
34 69 6
34 70 4
34 71 2
34 72 9
34 73 7
34 74 5
34 75 3
34 76 1
34 77 8
34 78 6
34 79 4
34 80 2
34 81 9
34 82 7
34 83 5
34 84 3
34 85 1
34 86 8
34 87 6
34 88 4
34 89 2
34 90 9
34 91 7
34 92 5
34 93 3
34 94 1
34 95 8
34 96 6
34 97 4
34 98 2
34 99 9
35 1 8
35 2 7
35 3 6
35 4 5
35 5 4
35 6 3
35 7 2
35 8 1
35 9 9
35 10 8
35 11 7
35 12 6
35 13 5
35 14 4
35 15 3
35 16 2
35 17 1
35 18 9
35 19 8
35 20 7
35 21 6
35 22 5
35 23 4
35 24 3
35 25 2
35 26 1
35 27 9
35 28 8
35 29 7
35 30 6
35 31 5
35 32 4
35 33 3
35 34 2
35 35 1
35 36 9
35 37 8
35 38 7
35 39 6
35 40 5
35 41 4
35 42 3
35 43 2
35 44 1
35 45 9
35 46 8
35 47 7
35 48 6
35 49 5
35 50 4
35 51 3
35 52 2
35 53 1
35 54 9
35 55 8
35 56 7
35 57 6
35 58 5
35 59 4
35 60 3
35 61 2
35 62 1
35 63 9
35 64 8
35 65 7
35 66 6
35 67 5
35 68 4
35 69 3
35 70 2
35 71 1
35 72 9
35 73 8
35 74 7
35 75 6
35 76 5
35 77 4
35 78 3
35 79 2
35 80 1
35 81 9
35 82 8
35 83 7
35 84 6
35 85 5
35 86 4
35 87 3
35 88 2
35 89 1
35 90 9
35 91 8
35 92 7
35 93 6
35 94 5
35 95 4
35 96 3
35 97 2
35 98 1
35 99 9
36 1 9
36 2 9
36 3 9
36 4 9
36 5 9
36 6 9
36 7 9
36 8 9
36 9 9
36 10 9
36 11 9
36 12 9
36 13 9
36 14 9
36 15 9
36 16 9
36 17 9
36 18 9
36 19 9
36 20 9
36 21 9
36 22 9
36 23 9
36 24 9
36 25 9
36 26 9
36 27 9
36 28 9
36 29 9
36 30 9
36 31 9
36 32 9
36 33 9
36 34 9
36 35 9
36 36 9
36 37 9
36 38 9
36 39 9
36 40 9
36 41 9
36 42 9
36 43 9
36 44 9
36 45 9
36 46 9
36 47 9
36 48 9
36 49 9
36 50 9
36 51 9
36 52 9
36 53 9
36 54 9
36 55 9
36 56 9
36 57 9
36 58 9
36 59 9
36 60 9
36 61 9
36 62 9
36 63 9
36 64 9
36 65 9
36 66 9
36 67 9
36 68 9
36 69 9
36 70 9
36 71 9
36 72 9
36 73 9
36 74 9
36 75 9
36 76 9
36 77 9
36 78 9
36 79 9
36 80 9
36 81 9
36 82 9
36 83 9
36 84 9
36 85 9
36 86 9
36 87 9
36 88 9
36 89 9
36 90 9
36 91 9
36 92 9
36 93 9
36 94 9
36 95 9
36 96 9
36 97 9
36 98 9
36 99 9
37 1 1
37 2 2
37 3 3
37 4 4
37 5 5
37 6 6
37 7 7
37 8 8
37 9 9
37 10 1
37 11 2
37 12 3
37 13 4
37 14 5
37 15 6
37 16 7
37 17 8
37 18 9
37 19 1
37 20 2
37 21 3
37 22 4
37 23 5
37 24 6
37 25 7
37 26 8
37 27 9
37 28 1
37 29 2
37 30 3
37 31 4
37 32 5
37 33 6
37 34 7
37 35 8
37 36 9
37 37 1
37 38 2
37 39 3
37 40 4
37 41 5
37 42 6
37 43 7
37 44 8
37 45 9
37 46 1
37 47 2
37 48 3
37 49 4
37 50 5
37 51 6
37 52 7
37 53 8
37 54 9
37 55 1
37 56 2
37 57 3
37 58 4
37 59 5
37 60 6
37 61 7
37 62 8
37 63 9
37 64 1
37 65 2
37 66 3
37 67 4
37 68 5
37 69 6
37 70 7
37 71 8
37 72 9
37 73 1
37 74 2
37 75 3
37 76 4
37 77 5
37 78 6
37 79 7
37 80 8
37 81 9
37 82 1
37 83 2
37 84 3
37 85 4
37 86 5
37 87 6
37 88 7
37 89 8
37 90 9
37 91 1
37 92 2
37 93 3
37 94 4
37 95 5
37 96 6
37 97 7
37 98 8
37 99 9
38 1 2
38 2 4
38 3 6
38 4 8
38 5 1
38 6 3
38 7 5
38 8 7
38 9 9
38 10 2
38 11 4
38 12 6
38 13 8
38 14 1
38 15 3
38 16 5
38 17 7
38 18 9
38 19 2
38 20 4
38 21 6
38 22 8
38 23 1
38 24 3
38 25 5
38 26 7
38 27 9
38 28 2
38 29 4
38 30 6
38 31 8
38 32 1
38 33 3
38 34 5
38 35 7
38 36 9
38 37 2
38 38 4
38 39 6
38 40 8
38 41 1
38 42 3
38 43 5
38 44 7
38 45 9
38 46 2
38 47 4
38 48 6
38 49 8
38 50 1
38 51 3
38 52 5
38 53 7
38 54 9
38 55 2
38 56 4
38 57 6
38 58 8
38 59 1
38 60 3
38 61 5
38 62 7
38 63 9
38 64 2
38 65 4
38 66 6
38 67 8
38 68 1
38 69 3
38 70 5
38 71 7
38 72 9
38 73 2
38 74 4
38 75 6
38 76 8
38 77 1
38 78 3
38 79 5
38 80 7
38 81 9
38 82 2
38 83 4
38 84 6
38 85 8
38 86 1
38 87 3
38 88 5
38 89 7
38 90 9
38 91 2
38 92 4
38 93 6
38 94 8
38 95 1
38 96 3
38 97 5
38 98 7
38 99 9
39 1 3
39 2 6
39 3 9
39 4 3
39 5 6
39 6 9
39 7 3
39 8 6
39 9 9
39 10 3
39 11 6
39 12 9
39 13 3
39 14 6
39 15 9
39 16 3
39 17 6
39 18 9
39 19 3
39 20 6
39 21 9
39 22 3
39 23 6
39 24 9
39 25 3
39 26 6
39 27 9
39 28 3
39 29 6
39 30 9
39 31 3
39 32 6
39 33 9
39 34 3
39 35 6
39 36 9
39 37 3
39 38 6
39 39 9
39 40 3
39 41 6
39 42 9
39 43 3
39 44 6
39 45 9
39 46 3
39 47 6
39 48 9
39 49 3
39 50 6
39 51 9
39 52 3
39 53 6
39 54 9
39 55 3
39 56 6
39 57 9
39 58 3
39 59 6
39 60 9
39 61 3
39 62 6
39 63 9
39 64 3
39 65 6
39 66 9
39 67 3
39 68 6
39 69 9
39 70 3
39 71 6
39 72 9
39 73 3
39 74 6
39 75 9
39 76 3
39 77 6
39 78 9
39 79 3
39 80 6
39 81 9
39 82 3
39 83 6
39 84 9
39 85 3
39 86 6
39 87 9
39 88 3
39 89 6
39 90 9
39 91 3
39 92 6
39 93 9
39 94 3
39 95 6
39 96 9
39 97 3
39 98 6
39 99 9
40 1 4
40 2 8
40 3 3
40 4 7
40 5 2
40 6 6
40 7 1
40 8 5
40 9 9
40 10 4
40 11 8
40 12 3
40 13 7
40 14 2
40 15 6
40 16 1
40 17 5
40 18 9
40 19 4
40 20 8
40 21 3
40 22 7
40 23 2
40 24 6
40 25 1
40 26 5
40 27 9
40 28 4
40 29 8
40 30 3
40 31 7
40 32 2
40 33 6
40 34 1
40 35 5
40 36 9
40 37 4
40 38 8
40 39 3
40 40 7
40 41 2
40 42 6
40 43 1
40 44 5
40 45 9
40 46 4
40 47 8
40 48 3
40 49 7
40 50 2
40 51 6
40 52 1
40 53 5
40 54 9
40 55 4
40 56 8
40 57 3
40 58 7
40 59 2
40 60 6
40 61 1
40 62 5
40 63 9
40 64 4
40 65 8
40 66 3
40 67 7
40 68 2
40 69 6
40 70 1
40 71 5
40 72 9
40 73 4
40 74 8
40 75 3
40 76 7
40 77 2
40 78 6
40 79 1
40 80 5
40 81 9
40 82 4
40 83 8
40 84 3
40 85 7
40 86 2
40 87 6
40 88 1
40 89 5
40 90 9
40 91 4
40 92 8
40 93 3
40 94 7
40 95 2
40 96 6
40 97 1
40 98 5
40 99 9
41 1 5
41 2 1
41 3 6
41 4 2
41 5 7
41 6 3
41 7 8
41 8 4
41 9 9
41 10 5
41 11 1
41 12 6
41 13 2
41 14 7
41 15 3
41 16 8
41 17 4
41 18 9
41 19 5
41 20 1
41 21 6
41 22 2
41 23 7
41 24 3
41 25 8
41 26 4
41 27 9
41 28 5
41 29 1
41 30 6
41 31 2
41 32 7
41 33 3
41 34 8
41 35 4
41 36 9
41 37 5
41 38 1
41 39 6
41 40 2
41 41 7
41 42 3
41 43 8
41 44 4
41 45 9
41 46 5
41 47 1
41 48 6
41 49 2
41 50 7
41 51 3
41 52 8
41 53 4
41 54 9
41 55 5
41 56 1
41 57 6
41 58 2
41 59 7
41 60 3
41 61 8
41 62 4
41 63 9
41 64 5
41 65 1
41 66 6
41 67 2
41 68 7
41 69 3
41 70 8
41 71 4
41 72 9
41 73 5
41 74 1
41 75 6
41 76 2
41 77 7
41 78 3
41 79 8
41 80 4
41 81 9
41 82 5
41 83 1
41 84 6
41 85 2
41 86 7
41 87 3
41 88 8
41 89 4
41 90 9
41 91 5
41 92 1
41 93 6
41 94 2
41 95 7
41 96 3
41 97 8
41 98 4
41 99 9
42 1 6
42 2 3
42 3 9
42 4 6
42 5 3
42 6 9
42 7 6
42 8 3
42 9 9
42 10 6
42 11 3
42 12 9
42 13 6
42 14 3
42 15 9
42 16 6
42 17 3
42 18 9
42 19 6
42 20 3
42 21 9
42 22 6
42 23 3
42 24 9
42 25 6
42 26 3
42 27 9
42 28 6
42 29 3
42 30 9
42 31 6
42 32 3
42 33 9
42 34 6
42 35 3
42 36 9
42 37 6
42 38 3
42 39 9
42 40 6
42 41 3
42 42 9
42 43 6
42 44 3
42 45 9
42 46 6
42 47 3
42 48 9
42 49 6
42 50 3
42 51 9
42 52 6
42 53 3
42 54 9
42 55 6
42 56 3
42 57 9
42 58 6
42 59 3
42 60 9
42 61 6
42 62 3
42 63 9
42 64 6
42 65 3
42 66 9
42 67 6
42 68 3
42 69 9
42 70 6
42 71 3
42 72 9
42 73 6
42 74 3
42 75 9
42 76 6
42 77 3
42 78 9
42 79 6
42 80 3
42 81 9
42 82 6
42 83 3
42 84 9
42 85 6
42 86 3
42 87 9
42 88 6
42 89 3
42 90 9
42 91 6
42 92 3
42 93 9
42 94 6
42 95 3
42 96 9
42 97 6
42 98 3
42 99 9
43 1 7
43 2 5
43 3 3
43 4 1
43 5 8
43 6 6
43 7 4
43 8 2
43 9 9
43 10 7
43 11 5
43 12 3
43 13 1
43 14 8
43 15 6
43 16 4
43 17 2
43 18 9
43 19 7
43 20 5
43 21 3
43 22 1
43 23 8
43 24 6
43 25 4
43 26 2
43 27 9
43 28 7
43 29 5
43 30 3
43 31 1
43 32 8
43 33 6
43 34 4
43 35 2
43 36 9
43 37 7
43 38 5
43 39 3
43 40 1
43 41 8
43 42 6
43 43 4
43 44 2
43 45 9
43 46 7
43 47 5
43 48 3
43 49 1
43 50 8
43 51 6
43 52 4
43 53 2
43 54 9
43 55 7
43 56 5
43 57 3
43 58 1
43 59 8
43 60 6
43 61 4
43 62 2
43 63 9
43 64 7
43 65 5
43 66 3
43 67 1
43 68 8
43 69 6
43 70 4
43 71 2
43 72 9
43 73 7
43 74 5
43 75 3
43 76 1
43 77 8
43 78 6
43 79 4
43 80 2
43 81 9
43 82 7
43 83 5
43 84 3
43 85 1
43 86 8
43 87 6
43 88 4
43 89 2
43 90 9
43 91 7
43 92 5
43 93 3
43 94 1
43 95 8
43 96 6
43 97 4
43 98 2
43 99 9
44 1 8
44 2 7
44 3 6
44 4 5
44 5 4
44 6 3
44 7 2
44 8 1
44 9 9
44 10 8
44 11 7
44 12 6
44 13 5
44 14 4
44 15 3
44 16 2
44 17 1
44 18 9
44 19 8
44 20 7
44 21 6
44 22 5
44 23 4
44 24 3
44 25 2
44 26 1
44 27 9
44 28 8
44 29 7
44 30 6
44 31 5
44 32 4
44 33 3
44 34 2
44 35 1
44 36 9
44 37 8
44 38 7
44 39 6
44 40 5
44 41 4
44 42 3
44 43 2
44 44 1
44 45 9
44 46 8
44 47 7
44 48 6
44 49 5
44 50 4
44 51 3
44 52 2
44 53 1
44 54 9
44 55 8
44 56 7
44 57 6
44 58 5
44 59 4
44 60 3
44 61 2
44 62 1
44 63 9
44 64 8
44 65 7
44 66 6
44 67 5
44 68 4
44 69 3
44 70 2
44 71 1
44 72 9
44 73 8
44 74 7
44 75 6
44 76 5
44 77 4
44 78 3
44 79 2
44 80 1
44 81 9
44 82 8
44 83 7
44 84 6
44 85 5
44 86 4
44 87 3
44 88 2
44 89 1
44 90 9
44 91 8
44 92 7
44 93 6
44 94 5
44 95 4
44 96 3
44 97 2
44 98 1
44 99 9
45 1 9
45 2 9
45 3 9
45 4 9
45 5 9
45 6 9
45 7 9
45 8 9
45 9 9
45 10 9
45 11 9
45 12 9
45 13 9
45 14 9
45 15 9
45 16 9
45 17 9
45 18 9
45 19 9
45 20 9
45 21 9
45 22 9
45 23 9
45 24 9
45 25 9
45 26 9
45 27 9
45 28 9
45 29 9
45 30 9
45 31 9
45 32 9
45 33 9
45 34 9
45 35 9
45 36 9
45 37 9
45 38 9
45 39 9
45 40 9
45 41 9
45 42 9
45 43 9
45 44 9
45 45 9
45 46 9
45 47 9
45 48 9
45 49 9
45 50 9
45 51 9
45 52 9
45 53 9
45 54 9
45 55 9
45 56 9
45 57 9
45 58 9
45 59 9
45 60 9
45 61 9
45 62 9
45 63 9
45 64 9
45 65 9
45 66 9
45 67 9
45 68 9
45 69 9
45 70 9
45 71 9
45 72 9
45 73 9
45 74 9
45 75 9
45 76 9
45 77 9
45 78 9
45 79 9
45 80 9
45 81 9
45 82 9
45 83 9
45 84 9
45 85 9
45 86 9
45 87 9
45 88 9
45 89 9
45 90 9
45 91 9
45 92 9
45 93 9
45 94 9
45 95 9
45 96 9
45 97 9
45 98 9
45 99 9
46 1 1
46 2 2
46 3 3
46 4 4
46 5 5
46 6 6
46 7 7
46 8 8
46 9 9
46 10 1
46 11 2
46 12 3
46 13 4
46 14 5
46 15 6
46 16 7
46 17 8
46 18 9
46 19 1
46 20 2
46 21 3
46 22 4
46 23 5
46 24 6
46 25 7
46 26 8
46 27 9
46 28 1
46 29 2
46 30 3
46 31 4
46 32 5
46 33 6
46 34 7
46 35 8
46 36 9
46 37 1
46 38 2
46 39 3
46 40 4
46 41 5
46 42 6
46 43 7
46 44 8
46 45 9
46 46 1
46 47 2
46 48 3
46 49 4
46 50 5
46 51 6
46 52 7
46 53 8
46 54 9
46 55 1
46 56 2
46 57 3
46 58 4
46 59 5
46 60 6
46 61 7
46 62 8
46 63 9
46 64 1
46 65 2
46 66 3
46 67 4
46 68 5
46 69 6
46 70 7
46 71 8
46 72 9
46 73 1
46 74 2
46 75 3
46 76 4
46 77 5
46 78 6
46 79 7
46 80 8
46 81 9
46 82 1
46 83 2
46 84 3
46 85 4
46 86 5
46 87 6
46 88 7
46 89 8
46 90 9
46 91 1
46 92 2
46 93 3
46 94 4
46 95 5
46 96 6
46 97 7
46 98 8
46 99 9
47 1 2
47 2 4
47 3 6
47 4 8
47 5 1
47 6 3
47 7 5
47 8 7
47 9 9
47 10 2
47 11 4
47 12 6
47 13 8
47 14 1
47 15 3
47 16 5
47 17 7
47 18 9
47 19 2
47 20 4
47 21 6
47 22 8
47 23 1
47 24 3
47 25 5
47 26 7
47 27 9
47 28 2
47 29 4
47 30 6
47 31 8
47 32 1
47 33 3
47 34 5
47 35 7
47 36 9
47 37 2
47 38 4
47 39 6
47 40 8
47 41 1
47 42 3
47 43 5
47 44 7
47 45 9
47 46 2
47 47 4
47 48 6
47 49 8
47 50 1
47 51 3
47 52 5
47 53 7
47 54 9
47 55 2
47 56 4
47 57 6
47 58 8
47 59 1
47 60 3
47 61 5
47 62 7
47 63 9
47 64 2
47 65 4
47 66 6
47 67 8
47 68 1
47 69 3
47 70 5
47 71 7
47 72 9
47 73 2
47 74 4
47 75 6
47 76 8
47 77 1
47 78 3
47 79 5
47 80 7
47 81 9
47 82 2
47 83 4
47 84 6
47 85 8
47 86 1
47 87 3
47 88 5
47 89 7
47 90 9
47 91 2
47 92 4
47 93 6
47 94 8
47 95 1
47 96 3
47 97 5
47 98 7
47 99 9
48 1 3
48 2 6
48 3 9
48 4 3
48 5 6
48 6 9
48 7 3
48 8 6
48 9 9
48 10 3
48 11 6
48 12 9
48 13 3
48 14 6
48 15 9
48 16 3
48 17 6
48 18 9
48 19 3
48 20 6
48 21 9
48 22 3
48 23 6
48 24 9
48 25 3
48 26 6
48 27 9
48 28 3
48 29 6
48 30 9
48 31 3
48 32 6
48 33 9
48 34 3
48 35 6
48 36 9
48 37 3
48 38 6
48 39 9
48 40 3
48 41 6
48 42 9
48 43 3
48 44 6
48 45 9
48 46 3
48 47 6
48 48 9
48 49 3
48 50 6
48 51 9
48 52 3
48 53 6
48 54 9
48 55 3
48 56 6
48 57 9
48 58 3
48 59 6
48 60 9
48 61 3
48 62 6
48 63 9
48 64 3
48 65 6
48 66 9
48 67 3
48 68 6
48 69 9
48 70 3
48 71 6
48 72 9
48 73 3
48 74 6
48 75 9
48 76 3
48 77 6
48 78 9
48 79 3
48 80 6
48 81 9
48 82 3
48 83 6
48 84 9
48 85 3
48 86 6
48 87 9
48 88 3
48 89 6
48 90 9
48 91 3
48 92 6
48 93 9
48 94 3
48 95 6
48 96 9
48 97 3
48 98 6
48 99 9
49 1 4
49 2 8
49 3 3
49 4 7
49 5 2
49 6 6
49 7 1
49 8 5
49 9 9
49 10 4
49 11 8
49 12 3
49 13 7
49 14 2
49 15 6
49 16 1
49 17 5
49 18 9
49 19 4
49 20 8
49 21 3
49 22 7
49 23 2
49 24 6
49 25 1
49 26 5
49 27 9
49 28 4
49 29 8
49 30 3
49 31 7
49 32 2
49 33 6
49 34 1
49 35 5
49 36 9
49 37 4
49 38 8
49 39 3
49 40 7
49 41 2
49 42 6
49 43 1
49 44 5
49 45 9
49 46 4
49 47 8
49 48 3
49 49 7
49 50 2
49 51 6
49 52 1
49 53 5
49 54 9
49 55 4
49 56 8
49 57 3
49 58 7
49 59 2
49 60 6
49 61 1
49 62 5
49 63 9
49 64 4
49 65 8
49 66 3
49 67 7
49 68 2
49 69 6
49 70 1
49 71 5
49 72 9
49 73 4
49 74 8
49 75 3
49 76 7
49 77 2
49 78 6
49 79 1
49 80 5
49 81 9
49 82 4
49 83 8
49 84 3
49 85 7
49 86 2
49 87 6
49 88 1
49 89 5
49 90 9
49 91 4
49 92 8
49 93 3
49 94 7
49 95 2
49 96 6
49 97 1
49 98 5
49 99 9
50 1 5
50 2 1
50 3 6
50 4 2
50 5 7
50 6 3
50 7 8
50 8 4
50 9 9
50 10 5
50 11 1
50 12 6
50 13 2
50 14 7
50 15 3
50 16 8
50 17 4
50 18 9
50 19 5
50 20 1
50 21 6
50 22 2
50 23 7
50 24 3
50 25 8
50 26 4
50 27 9
50 28 5
50 29 1
50 30 6
50 31 2
50 32 7
50 33 3
50 34 8
50 35 4
50 36 9
50 37 5
50 38 1
50 39 6
50 40 2
50 41 7
50 42 3
50 43 8
50 44 4
50 45 9
50 46 5
50 47 1
50 48 6
50 49 2
50 50 7
50 51 3
50 52 8
50 53 4
50 54 9
50 55 5
50 56 1
50 57 6
50 58 2
50 59 7
50 60 3
50 61 8
50 62 4
50 63 9
50 64 5
50 65 1
50 66 6
50 67 2
50 68 7
50 69 3
50 70 8
50 71 4
50 72 9
50 73 5
50 74 1
50 75 6
50 76 2
50 77 7
50 78 3
50 79 8
50 80 4
50 81 9
50 82 5
50 83 1
50 84 6
50 85 2
50 86 7
50 87 3
50 88 8
50 89 4
50 90 9
50 91 5
50 92 1
50 93 6
50 94 2
50 95 7
50 96 3
50 97 8
50 98 4
50 99 9
51 1 6
51 2 3
51 3 9
51 4 6
51 5 3
51 6 9
51 7 6
51 8 3
51 9 9
51 10 6
51 11 3
51 12 9
51 13 6
51 14 3
51 15 9
51 16 6
51 17 3
51 18 9
51 19 6
51 20 3
51 21 9
51 22 6
51 23 3
51 24 9
51 25 6
51 26 3
51 27 9
51 28 6
51 29 3
51 30 9
51 31 6
51 32 3
51 33 9
51 34 6
51 35 3
51 36 9
51 37 6
51 38 3
51 39 9
51 40 6
51 41 3
51 42 9
51 43 6
51 44 3
51 45 9
51 46 6
51 47 3
51 48 9
51 49 6
51 50 3
51 51 9
51 52 6
51 53 3
51 54 9
51 55 6
51 56 3
51 57 9
51 58 6
51 59 3
51 60 9
51 61 6
51 62 3
51 63 9
51 64 6
51 65 3
51 66 9
51 67 6
51 68 3
51 69 9
51 70 6
51 71 3
51 72 9
51 73 6
51 74 3
51 75 9
51 76 6
51 77 3
51 78 9
51 79 6
51 80 3
51 81 9
51 82 6
51 83 3
51 84 9
51 85 6
51 86 3
51 87 9
51 88 6
51 89 3
51 90 9
51 91 6
51 92 3
51 93 9
51 94 6
51 95 3
51 96 9
51 97 6
51 98 3
51 99 9
52 1 7
52 2 5
52 3 3
52 4 1
52 5 8
52 6 6
52 7 4
52 8 2
52 9 9
52 10 7
52 11 5
52 12 3
52 13 1
52 14 8
52 15 6
52 16 4
52 17 2
52 18 9
52 19 7
52 20 5
52 21 3
52 22 1
52 23 8
52 24 6
52 25 4
52 26 2
52 27 9
52 28 7
52 29 5
52 30 3
52 31 1
52 32 8
52 33 6
52 34 4
52 35 2
52 36 9
52 37 7
52 38 5
52 39 3
52 40 1
52 41 8
52 42 6
52 43 4
52 44 2
52 45 9
52 46 7
52 47 5
52 48 3
52 49 1
52 50 8
52 51 6
52 52 4
52 53 2
52 54 9
52 55 7
52 56 5
52 57 3
52 58 1
52 59 8
52 60 6
52 61 4
52 62 2
52 63 9
52 64 7
52 65 5
52 66 3
52 67 1
52 68 8
52 69 6
52 70 4
52 71 2
52 72 9
52 73 7
52 74 5
52 75 3
52 76 1
52 77 8
52 78 6
52 79 4
52 80 2
52 81 9
52 82 7
52 83 5
52 84 3
52 85 1
52 86 8
52 87 6
52 88 4
52 89 2
52 90 9
52 91 7
52 92 5
52 93 3
52 94 1
52 95 8
52 96 6
52 97 4
52 98 2
52 99 9
53 1 8
53 2 7
53 3 6
53 4 5
53 5 4
53 6 3
53 7 2
53 8 1
53 9 9
53 10 8
53 11 7
53 12 6
53 13 5
53 14 4
53 15 3
53 16 2
53 17 1
53 18 9
53 19 8
53 20 7
53 21 6
53 22 5
53 23 4
53 24 3
53 25 2
53 26 1
53 27 9
53 28 8
53 29 7
53 30 6
53 31 5
53 32 4
53 33 3
53 34 2
53 35 1
53 36 9
53 37 8
53 38 7
53 39 6
53 40 5
53 41 4
53 42 3
53 43 2
53 44 1
53 45 9
53 46 8
53 47 7
53 48 6
53 49 5
53 50 4
53 51 3
53 52 2
53 53 1
53 54 9
53 55 8
53 56 7
53 57 6
53 58 5
53 59 4
53 60 3
53 61 2
53 62 1
53 63 9
53 64 8
53 65 7
53 66 6
53 67 5
53 68 4
53 69 3
53 70 2
53 71 1
53 72 9
53 73 8
53 74 7
53 75 6
53 76 5
53 77 4
53 78 3
53 79 2
53 80 1
53 81 9
53 82 8
53 83 7
53 84 6
53 85 5
53 86 4
53 87 3
53 88 2
53 89 1
53 90 9
53 91 8
53 92 7
53 93 6
53 94 5
53 95 4
53 96 3
53 97 2
53 98 1
53 99 9
54 1 9
54 2 9
54 3 9
54 4 9
54 5 9
54 6 9
54 7 9
54 8 9
54 9 9
54 10 9
54 11 9
54 12 9
54 13 9
54 14 9
54 15 9
54 16 9
54 17 9
54 18 9
54 19 9
54 20 9
54 21 9
54 22 9
54 23 9
54 24 9
54 25 9
54 26 9
54 27 9
54 28 9
54 29 9
54 30 9
54 31 9
54 32 9
54 33 9
54 34 9
54 35 9
54 36 9
54 37 9
54 38 9
54 39 9
54 40 9
54 41 9
54 42 9
54 43 9
54 44 9
54 45 9
54 46 9
54 47 9
54 48 9
54 49 9
54 50 9
54 51 9
54 52 9
54 53 9
54 54 9
54 55 9
54 56 9
54 57 9
54 58 9
54 59 9
54 60 9
54 61 9
54 62 9
54 63 9
54 64 9
54 65 9
54 66 9
54 67 9
54 68 9
54 69 9
54 70 9
54 71 9
54 72 9
54 73 9
54 74 9
54 75 9
54 76 9
54 77 9
54 78 9
54 79 9
54 80 9
54 81 9
54 82 9
54 83 9
54 84 9
54 85 9
54 86 9
54 87 9
54 88 9
54 89 9
54 90 9
54 91 9
54 92 9
54 93 9
54 94 9
54 95 9
54 96 9
54 97 9
54 98 9
54 99 9
55 1 1
55 2 2
55 3 3
55 4 4
55 5 5
55 6 6
55 7 7
55 8 8
55 9 9
55 10 1
55 11 2
55 12 3
55 13 4
55 14 5
55 15 6
55 16 7
55 17 8
55 18 9
55 19 1
55 20 2
55 21 3
55 22 4
55 23 5
55 24 6
55 25 7
55 26 8
55 27 9
55 28 1
55 29 2
55 30 3
55 31 4
55 32 5
55 33 6
55 34 7
55 35 8
55 36 9
55 37 1
55 38 2
55 39 3
55 40 4
55 41 5
55 42 6
55 43 7
55 44 8
55 45 9
55 46 1
55 47 2
55 48 3
55 49 4
55 50 5
55 51 6
55 52 7
55 53 8
55 54 9
55 55 1
55 56 2
55 57 3
55 58 4
55 59 5
55 60 6
55 61 7
55 62 8
55 63 9
55 64 1
55 65 2
55 66 3
55 67 4
55 68 5
55 69 6
55 70 7
55 71 8
55 72 9
55 73 1
55 74 2
55 75 3
55 76 4
55 77 5
55 78 6
55 79 7
55 80 8
55 81 9
55 82 1
55 83 2
55 84 3
55 85 4
55 86 5
55 87 6
55 88 7
55 89 8
55 90 9
55 91 1
55 92 2
55 93 3
55 94 4
55 95 5
55 96 6
55 97 7
55 98 8
55 99 9
56 1 2
56 2 4
56 3 6
56 4 8
56 5 1
56 6 3
56 7 5
56 8 7
56 9 9
56 10 2
56 11 4
56 12 6
56 13 8
56 14 1
56 15 3
56 16 5
56 17 7
56 18 9
56 19 2
56 20 4
56 21 6
56 22 8
56 23 1
56 24 3
56 25 5
56 26 7
56 27 9
56 28 2
56 29 4
56 30 6
56 31 8
56 32 1
56 33 3
56 34 5
56 35 7
56 36 9
56 37 2
56 38 4
56 39 6
56 40 8
56 41 1
56 42 3
56 43 5
56 44 7
56 45 9
56 46 2
56 47 4
56 48 6
56 49 8
56 50 1
56 51 3
56 52 5
56 53 7
56 54 9
56 55 2
56 56 4
56 57 6
56 58 8
56 59 1
56 60 3
56 61 5
56 62 7
56 63 9
56 64 2
56 65 4
56 66 6
56 67 8
56 68 1
56 69 3
56 70 5
56 71 7
56 72 9
56 73 2
56 74 4
56 75 6
56 76 8
56 77 1
56 78 3
56 79 5
56 80 7
56 81 9
56 82 2
56 83 4
56 84 6
56 85 8
56 86 1
56 87 3
56 88 5
56 89 7
56 90 9
56 91 2
56 92 4
56 93 6
56 94 8
56 95 1
56 96 3
56 97 5
56 98 7
56 99 9
57 1 3
57 2 6
57 3 9
57 4 3
57 5 6
57 6 9
57 7 3
57 8 6
57 9 9
57 10 3
57 11 6
57 12 9
57 13 3
57 14 6
57 15 9
57 16 3
57 17 6
57 18 9
57 19 3
57 20 6
57 21 9
57 22 3
57 23 6
57 24 9
57 25 3
57 26 6
57 27 9
57 28 3
57 29 6
57 30 9
57 31 3
57 32 6
57 33 9
57 34 3
57 35 6
57 36 9
57 37 3
57 38 6
57 39 9
57 40 3
57 41 6
57 42 9
57 43 3
57 44 6
57 45 9
57 46 3
57 47 6
57 48 9
57 49 3
57 50 6
57 51 9
57 52 3
57 53 6
57 54 9
57 55 3
57 56 6
57 57 9
57 58 3
57 59 6
57 60 9
57 61 3
57 62 6
57 63 9
57 64 3
57 65 6
57 66 9
57 67 3
57 68 6
57 69 9
57 70 3
57 71 6
57 72 9
57 73 3
57 74 6
57 75 9
57 76 3
57 77 6
57 78 9
57 79 3
57 80 6
57 81 9
57 82 3
57 83 6
57 84 9
57 85 3
57 86 6
57 87 9
57 88 3
57 89 6
57 90 9
57 91 3
57 92 6
57 93 9
57 94 3
57 95 6
57 96 9
57 97 3
57 98 6
57 99 9
58 1 4
58 2 8
58 3 3
58 4 7
58 5 2
58 6 6
58 7 1
58 8 5
58 9 9
58 10 4
58 11 8
58 12 3
58 13 7
58 14 2
58 15 6
58 16 1
58 17 5
58 18 9
58 19 4
58 20 8
58 21 3
58 22 7
58 23 2
58 24 6
58 25 1
58 26 5
58 27 9
58 28 4
58 29 8
58 30 3
58 31 7
58 32 2
58 33 6
58 34 1
58 35 5
58 36 9
58 37 4
58 38 8
58 39 3
58 40 7
58 41 2
58 42 6
58 43 1
58 44 5
58 45 9
58 46 4
58 47 8
58 48 3
58 49 7
58 50 2
58 51 6
58 52 1
58 53 5
58 54 9
58 55 4
58 56 8
58 57 3
58 58 7
58 59 2
58 60 6
58 61 1
58 62 5
58 63 9
58 64 4
58 65 8
58 66 3
58 67 7
58 68 2
58 69 6
58 70 1
58 71 5
58 72 9
58 73 4
58 74 8
58 75 3
58 76 7
58 77 2
58 78 6
58 79 1
58 80 5
58 81 9
58 82 4
58 83 8
58 84 3
58 85 7
58 86 2
58 87 6
58 88 1
58 89 5
58 90 9
58 91 4
58 92 8
58 93 3
58 94 7
58 95 2
58 96 6
58 97 1
58 98 5
58 99 9
59 1 5
59 2 1
59 3 6
59 4 2
59 5 7
59 6 3
59 7 8
59 8 4
59 9 9
59 10 5
59 11 1
59 12 6
59 13 2
59 14 7
59 15 3
59 16 8
59 17 4
59 18 9
59 19 5
59 20 1
59 21 6
59 22 2
59 23 7
59 24 3
59 25 8
59 26 4
59 27 9
59 28 5
59 29 1
59 30 6
59 31 2
59 32 7
59 33 3
59 34 8
59 35 4
59 36 9
59 37 5
59 38 1
59 39 6
59 40 2
59 41 7
59 42 3
59 43 8
59 44 4
59 45 9
59 46 5
59 47 1
59 48 6
59 49 2
59 50 7
59 51 3
59 52 8
59 53 4
59 54 9
59 55 5
59 56 1
59 57 6
59 58 2
59 59 7
59 60 3
59 61 8
59 62 4
59 63 9
59 64 5
59 65 1
59 66 6
59 67 2
59 68 7
59 69 3
59 70 8
59 71 4
59 72 9
59 73 5
59 74 1
59 75 6
59 76 2
59 77 7
59 78 3
59 79 8
59 80 4
59 81 9
59 82 5
59 83 1
59 84 6
59 85 2
59 86 7
59 87 3
59 88 8
59 89 4
59 90 9
59 91 5
59 92 1
59 93 6
59 94 2
59 95 7
59 96 3
59 97 8
59 98 4
59 99 9
60 1 6
60 2 3
60 3 9
60 4 6
60 5 3
60 6 9
60 7 6
60 8 3
60 9 9
60 10 6
60 11 3
60 12 9
60 13 6
60 14 3
60 15 9
60 16 6
60 17 3
60 18 9
60 19 6
60 20 3
60 21 9
60 22 6
60 23 3
60 24 9
60 25 6
60 26 3
60 27 9
60 28 6
60 29 3
60 30 9
60 31 6
60 32 3
60 33 9
60 34 6
60 35 3
60 36 9
60 37 6
60 38 3
60 39 9
60 40 6
60 41 3
60 42 9
60 43 6
60 44 3
60 45 9
60 46 6
60 47 3
60 48 9
60 49 6
60 50 3
60 51 9
60 52 6
60 53 3
60 54 9
60 55 6
60 56 3
60 57 9
60 58 6
60 59 3
60 60 9
60 61 6
60 62 3
60 63 9
60 64 6
60 65 3
60 66 9
60 67 6
60 68 3
60 69 9
60 70 6
60 71 3
60 72 9
60 73 6
60 74 3
60 75 9
60 76 6
60 77 3
60 78 9
60 79 6
60 80 3
60 81 9
60 82 6
60 83 3
60 84 9
60 85 6
60 86 3
60 87 9
60 88 6
60 89 3
60 90 9
60 91 6
60 92 3
60 93 9
60 94 6
60 95 3
60 96 9
60 97 6
60 98 3
60 99 9
61 1 7
61 2 5
61 3 3
61 4 1
61 5 8
61 6 6
61 7 4
61 8 2
61 9 9
61 10 7
61 11 5
61 12 3
61 13 1
61 14 8
61 15 6
61 16 4
61 17 2
61 18 9
61 19 7
61 20 5
61 21 3
61 22 1
61 23 8
61 24 6
61 25 4
61 26 2
61 27 9
61 28 7
61 29 5
61 30 3
61 31 1
61 32 8
61 33 6
61 34 4
61 35 2
61 36 9
61 37 7
61 38 5
61 39 3
61 40 1
61 41 8
61 42 6
61 43 4
61 44 2
61 45 9
61 46 7
61 47 5
61 48 3
61 49 1
61 50 8
61 51 6
61 52 4
61 53 2
61 54 9
61 55 7
61 56 5
61 57 3
61 58 1
61 59 8
61 60 6
61 61 4
61 62 2
61 63 9
61 64 7
61 65 5
61 66 3
61 67 1
61 68 8
61 69 6
61 70 4
61 71 2
61 72 9
61 73 7
61 74 5
61 75 3
61 76 1
61 77 8
61 78 6
61 79 4
61 80 2
61 81 9
61 82 7
61 83 5
61 84 3
61 85 1
61 86 8
61 87 6
61 88 4
61 89 2
61 90 9
61 91 7
61 92 5
61 93 3
61 94 1
61 95 8
61 96 6
61 97 4
61 98 2
61 99 9
62 1 8
62 2 7
62 3 6
62 4 5
62 5 4
62 6 3
62 7 2
62 8 1
62 9 9
62 10 8
62 11 7
62 12 6
62 13 5
62 14 4
62 15 3
62 16 2
62 17 1
62 18 9
62 19 8
62 20 7
62 21 6
62 22 5
62 23 4
62 24 3
62 25 2
62 26 1
62 27 9
62 28 8
62 29 7
62 30 6
62 31 5
62 32 4
62 33 3
62 34 2
62 35 1
62 36 9
62 37 8
62 38 7
62 39 6
62 40 5
62 41 4
62 42 3
62 43 2
62 44 1
62 45 9
62 46 8
62 47 7
62 48 6
62 49 5
62 50 4
62 51 3
62 52 2
62 53 1
62 54 9
62 55 8
62 56 7
62 57 6
62 58 5
62 59 4
62 60 3
62 61 2
62 62 1
62 63 9
62 64 8
62 65 7
62 66 6
62 67 5
62 68 4
62 69 3
62 70 2
62 71 1
62 72 9
62 73 8
62 74 7
62 75 6
62 76 5
62 77 4
62 78 3
62 79 2
62 80 1
62 81 9
62 82 8
62 83 7
62 84 6
62 85 5
62 86 4
62 87 3
62 88 2
62 89 1
62 90 9
62 91 8
62 92 7
62 93 6
62 94 5
62 95 4
62 96 3
62 97 2
62 98 1
62 99 9
63 1 9
63 2 9
63 3 9
63 4 9
63 5 9
63 6 9
63 7 9
63 8 9
63 9 9
63 10 9
63 11 9
63 12 9
63 13 9
63 14 9
63 15 9
63 16 9
63 17 9
63 18 9
63 19 9
63 20 9
63 21 9
63 22 9
63 23 9
63 24 9
63 25 9
63 26 9
63 27 9
63 28 9
63 29 9
63 30 9
63 31 9
63 32 9
63 33 9
63 34 9
63 35 9
63 36 9
63 37 9
63 38 9
63 39 9
63 40 9
63 41 9
63 42 9
63 43 9
63 44 9
63 45 9
63 46 9
63 47 9
63 48 9
63 49 9
63 50 9
63 51 9
63 52 9
63 53 9
63 54 9
63 55 9
63 56 9
63 57 9
63 58 9
63 59 9
63 60 9
63 61 9
63 62 9
63 63 9
63 64 9
63 65 9
63 66 9
63 67 9
63 68 9
63 69 9
63 70 9
63 71 9
63 72 9
63 73 9
63 74 9
63 75 9
63 76 9
63 77 9
63 78 9
63 79 9
63 80 9
63 81 9
63 82 9
63 83 9
63 84 9
63 85 9
63 86 9
63 87 9
63 88 9
63 89 9
63 90 9
63 91 9
63 92 9
63 93 9
63 94 9
63 95 9
63 96 9
63 97 9
63 98 9
63 99 9
64 1 1
64 2 2
64 3 3
64 4 4
64 5 5
64 6 6
64 7 7
64 8 8
64 9 9
64 10 1
64 11 2
64 12 3
64 13 4
64 14 5
64 15 6
64 16 7
64 17 8
64 18 9
64 19 1
64 20 2
64 21 3
64 22 4
64 23 5
64 24 6
64 25 7
64 26 8
64 27 9
64 28 1
64 29 2
64 30 3
64 31 4
64 32 5
64 33 6
64 34 7
64 35 8
64 36 9
64 37 1
64 38 2
64 39 3
64 40 4
64 41 5
64 42 6
64 43 7
64 44 8
64 45 9
64 46 1
64 47 2
64 48 3
64 49 4
64 50 5
64 51 6
64 52 7
64 53 8
64 54 9
64 55 1
64 56 2
64 57 3
64 58 4
64 59 5
64 60 6
64 61 7
64 62 8
64 63 9
64 64 1
64 65 2
64 66 3
64 67 4
64 68 5
64 69 6
64 70 7
64 71 8
64 72 9
64 73 1
64 74 2
64 75 3
64 76 4
64 77 5
64 78 6
64 79 7
64 80 8
64 81 9
64 82 1
64 83 2
64 84 3
64 85 4
64 86 5
64 87 6
64 88 7
64 89 8
64 90 9
64 91 1
64 92 2
64 93 3
64 94 4
64 95 5
64 96 6
64 97 7
64 98 8
64 99 9
65 1 2
65 2 4
65 3 6
65 4 8
65 5 1
65 6 3
65 7 5
65 8 7
65 9 9
65 10 2
65 11 4
65 12 6
65 13 8
65 14 1
65 15 3
65 16 5
65 17 7
65 18 9
65 19 2
65 20 4
65 21 6
65 22 8
65 23 1
65 24 3
65 25 5
65 26 7
65 27 9
65 28 2
65 29 4
65 30 6
65 31 8
65 32 1
65 33 3
65 34 5
65 35 7
65 36 9
65 37 2
65 38 4
65 39 6
65 40 8
65 41 1
65 42 3
65 43 5
65 44 7
65 45 9
65 46 2
65 47 4
65 48 6
65 49 8
65 50 1
65 51 3
65 52 5
65 53 7
65 54 9
65 55 2
65 56 4
65 57 6
65 58 8
65 59 1
65 60 3
65 61 5
65 62 7
65 63 9
65 64 2
65 65 4
65 66 6
65 67 8
65 68 1
65 69 3
65 70 5
65 71 7
65 72 9
65 73 2
65 74 4
65 75 6
65 76 8
65 77 1
65 78 3
65 79 5
65 80 7
65 81 9
65 82 2
65 83 4
65 84 6
65 85 8
65 86 1
65 87 3
65 88 5
65 89 7
65 90 9
65 91 2
65 92 4
65 93 6
65 94 8
65 95 1
65 96 3
65 97 5
65 98 7
65 99 9
66 1 3
66 2 6
66 3 9
66 4 3
66 5 6
66 6 9
66 7 3
66 8 6
66 9 9
66 10 3
66 11 6
66 12 9
66 13 3
66 14 6
66 15 9
66 16 3
66 17 6
66 18 9
66 19 3
66 20 6
66 21 9
66 22 3
66 23 6
66 24 9
66 25 3
66 26 6
66 27 9
66 28 3
66 29 6
66 30 9
66 31 3
66 32 6
66 33 9
66 34 3
66 35 6
66 36 9
66 37 3
66 38 6
66 39 9
66 40 3
66 41 6
66 42 9
66 43 3
66 44 6
66 45 9
66 46 3
66 47 6
66 48 9
66 49 3
66 50 6
66 51 9
66 52 3
66 53 6
66 54 9
66 55 3
66 56 6
66 57 9
66 58 3
66 59 6
66 60 9
66 61 3
66 62 6
66 63 9
66 64 3
66 65 6
66 66 9
66 67 3
66 68 6
66 69 9
66 70 3
66 71 6
66 72 9
66 73 3
66 74 6
66 75 9
66 76 3
66 77 6
66 78 9
66 79 3
66 80 6
66 81 9
66 82 3
66 83 6
66 84 9
66 85 3
66 86 6
66 87 9
66 88 3
66 89 6
66 90 9
66 91 3
66 92 6
66 93 9
66 94 3
66 95 6
66 96 9
66 97 3
66 98 6
66 99 9
67 1 4
67 2 8
67 3 3
67 4 7
67 5 2
67 6 6
67 7 1
67 8 5
67 9 9
67 10 4
67 11 8
67 12 3
67 13 7
67 14 2
67 15 6
67 16 1
67 17 5
67 18 9
67 19 4
67 20 8
67 21 3
67 22 7
67 23 2
67 24 6
67 25 1
67 26 5
67 27 9
67 28 4
67 29 8
67 30 3
67 31 7
67 32 2
67 33 6
67 34 1
67 35 5
67 36 9
67 37 4
67 38 8
67 39 3
67 40 7
67 41 2
67 42 6
67 43 1
67 44 5
67 45 9
67 46 4
67 47 8
67 48 3
67 49 7
67 50 2
67 51 6
67 52 1
67 53 5
67 54 9
67 55 4
67 56 8
67 57 3
67 58 7
67 59 2
67 60 6
67 61 1
67 62 5
67 63 9
67 64 4
67 65 8
67 66 3
67 67 7
67 68 2
67 69 6
67 70 1
67 71 5
67 72 9
67 73 4
67 74 8
67 75 3
67 76 7
67 77 2
67 78 6
67 79 1
67 80 5
67 81 9
67 82 4
67 83 8
67 84 3
67 85 7
67 86 2
67 87 6
67 88 1
67 89 5
67 90 9
67 91 4
67 92 8
67 93 3
67 94 7
67 95 2
67 96 6
67 97 1
67 98 5
67 99 9
68 1 5
68 2 1
68 3 6
68 4 2
68 5 7
68 6 3
68 7 8
68 8 4
68 9 9
68 10 5
68 11 1
68 12 6
68 13 2
68 14 7
68 15 3
68 16 8
68 17 4
68 18 9
68 19 5
68 20 1
68 21 6
68 22 2
68 23 7
68 24 3
68 25 8
68 26 4
68 27 9
68 28 5
68 29 1
68 30 6
68 31 2
68 32 7
68 33 3
68 34 8
68 35 4
68 36 9
68 37 5
68 38 1
68 39 6
68 40 2
68 41 7
68 42 3
68 43 8
68 44 4
68 45 9
68 46 5
68 47 1
68 48 6
68 49 2
68 50 7
68 51 3
68 52 8
68 53 4
68 54 9
68 55 5
68 56 1
68 57 6
68 58 2
68 59 7
68 60 3
68 61 8
68 62 4
68 63 9
68 64 5
68 65 1
68 66 6
68 67 2
68 68 7
68 69 3
68 70 8
68 71 4
68 72 9
68 73 5
68 74 1
68 75 6
68 76 2
68 77 7
68 78 3
68 79 8
68 80 4
68 81 9
68 82 5
68 83 1
68 84 6
68 85 2
68 86 7
68 87 3
68 88 8
68 89 4
68 90 9
68 91 5
68 92 1
68 93 6
68 94 2
68 95 7
68 96 3
68 97 8
68 98 4
68 99 9
69 1 6
69 2 3
69 3 9
69 4 6
69 5 3
69 6 9
69 7 6
69 8 3
69 9 9
69 10 6
69 11 3
69 12 9
69 13 6
69 14 3
69 15 9
69 16 6
69 17 3
69 18 9
69 19 6
69 20 3
69 21 9
69 22 6
69 23 3
69 24 9
69 25 6
69 26 3
69 27 9
69 28 6
69 29 3
69 30 9
69 31 6
69 32 3
69 33 9
69 34 6
69 35 3
69 36 9
69 37 6
69 38 3
69 39 9
69 40 6
69 41 3
69 42 9
69 43 6
69 44 3
69 45 9
69 46 6
69 47 3
69 48 9
69 49 6
69 50 3
69 51 9
69 52 6
69 53 3
69 54 9
69 55 6
69 56 3
69 57 9
69 58 6
69 59 3
69 60 9
69 61 6
69 62 3
69 63 9
69 64 6
69 65 3
69 66 9
69 67 6
69 68 3
69 69 9
69 70 6
69 71 3
69 72 9
69 73 6
69 74 3
69 75 9
69 76 6
69 77 3
69 78 9
69 79 6
69 80 3
69 81 9
69 82 6
69 83 3
69 84 9
69 85 6
69 86 3
69 87 9
69 88 6
69 89 3
69 90 9
69 91 6
69 92 3
69 93 9
69 94 6
69 95 3
69 96 9
69 97 6
69 98 3
69 99 9
70 1 7
70 2 5
70 3 3
70 4 1
70 5 8
70 6 6
70 7 4
70 8 2
70 9 9
70 10 7
70 11 5
70 12 3
70 13 1
70 14 8
70 15 6
70 16 4
70 17 2
70 18 9
70 19 7
70 20 5
70 21 3
70 22 1
70 23 8
70 24 6
70 25 4
70 26 2
70 27 9
70 28 7
70 29 5
70 30 3
70 31 1
70 32 8
70 33 6
70 34 4
70 35 2
70 36 9
70 37 7
70 38 5
70 39 3
70 40 1
70 41 8
70 42 6
70 43 4
70 44 2
70 45 9
70 46 7
70 47 5
70 48 3
70 49 1
70 50 8
70 51 6
70 52 4
70 53 2
70 54 9
70 55 7
70 56 5
70 57 3
70 58 1
70 59 8
70 60 6
70 61 4
70 62 2
70 63 9
70 64 7
70 65 5
70 66 3
70 67 1
70 68 8
70 69 6
70 70 4
70 71 2
70 72 9
70 73 7
70 74 5
70 75 3
70 76 1
70 77 8
70 78 6
70 79 4
70 80 2
70 81 9
70 82 7
70 83 5
70 84 3
70 85 1
70 86 8
70 87 6
70 88 4
70 89 2
70 90 9
70 91 7
70 92 5
70 93 3
70 94 1
70 95 8
70 96 6
70 97 4
70 98 2
70 99 9
71 1 8
71 2 7
71 3 6
71 4 5
71 5 4
71 6 3
71 7 2
71 8 1
71 9 9
71 10 8
71 11 7
71 12 6
71 13 5
71 14 4
71 15 3
71 16 2
71 17 1
71 18 9
71 19 8
71 20 7
71 21 6
71 22 5
71 23 4
71 24 3
71 25 2
71 26 1
71 27 9
71 28 8
71 29 7
71 30 6
71 31 5
71 32 4
71 33 3
71 34 2
71 35 1
71 36 9
71 37 8
71 38 7
71 39 6
71 40 5
71 41 4
71 42 3
71 43 2
71 44 1
71 45 9
71 46 8
71 47 7
71 48 6
71 49 5
71 50 4
71 51 3
71 52 2
71 53 1
71 54 9
71 55 8
71 56 7
71 57 6
71 58 5
71 59 4
71 60 3
71 61 2
71 62 1
71 63 9
71 64 8
71 65 7
71 66 6
71 67 5
71 68 4
71 69 3
71 70 2
71 71 1
71 72 9
71 73 8
71 74 7
71 75 6
71 76 5
71 77 4
71 78 3
71 79 2
71 80 1
71 81 9
71 82 8
71 83 7
71 84 6
71 85 5
71 86 4
71 87 3
71 88 2
71 89 1
71 90 9
71 91 8
71 92 7
71 93 6
71 94 5
71 95 4
71 96 3
71 97 2
71 98 1
71 99 9
72 1 9
72 2 9
72 3 9
72 4 9
72 5 9
72 6 9
72 7 9
72 8 9
72 9 9
72 10 9
72 11 9
72 12 9
72 13 9
72 14 9
72 15 9
72 16 9
72 17 9
72 18 9
72 19 9
72 20 9
72 21 9
72 22 9
72 23 9
72 24 9
72 25 9
72 26 9
72 27 9
72 28 9
72 29 9
72 30 9
72 31 9
72 32 9
72 33 9
72 34 9
72 35 9
72 36 9
72 37 9
72 38 9
72 39 9
72 40 9
72 41 9
72 42 9
72 43 9
72 44 9
72 45 9
72 46 9
72 47 9
72 48 9
72 49 9
72 50 9
72 51 9
72 52 9
72 53 9
72 54 9
72 55 9
72 56 9
72 57 9
72 58 9
72 59 9
72 60 9
72 61 9
72 62 9
72 63 9
72 64 9
72 65 9
72 66 9
72 67 9
72 68 9
72 69 9
72 70 9
72 71 9
72 72 9
72 73 9
72 74 9
72 75 9
72 76 9
72 77 9
72 78 9
72 79 9
72 80 9
72 81 9
72 82 9
72 83 9
72 84 9
72 85 9
72 86 9
72 87 9
72 88 9
72 89 9
72 90 9
72 91 9
72 92 9
72 93 9
72 94 9
72 95 9
72 96 9
72 97 9
72 98 9
72 99 9
73 1 1
73 2 2
73 3 3
73 4 4
73 5 5
73 6 6
73 7 7
73 8 8
73 9 9
73 10 1
73 11 2
73 12 3
73 13 4
73 14 5
73 15 6
73 16 7
73 17 8
73 18 9
73 19 1
73 20 2
73 21 3
73 22 4
73 23 5
73 24 6
73 25 7
73 26 8
73 27 9
73 28 1
73 29 2
73 30 3
73 31 4
73 32 5
73 33 6
73 34 7
73 35 8
73 36 9
73 37 1
73 38 2
73 39 3
73 40 4
73 41 5
73 42 6
73 43 7
73 44 8
73 45 9
73 46 1
73 47 2
73 48 3
73 49 4
73 50 5
73 51 6
73 52 7
73 53 8
73 54 9
73 55 1
73 56 2
73 57 3
73 58 4
73 59 5
73 60 6
73 61 7
73 62 8
73 63 9
73 64 1
73 65 2
73 66 3
73 67 4
73 68 5
73 69 6
73 70 7
73 71 8
73 72 9
73 73 1
73 74 2
73 75 3
73 76 4
73 77 5
73 78 6
73 79 7
73 80 8
73 81 9
73 82 1
73 83 2
73 84 3
73 85 4
73 86 5
73 87 6
73 88 7
73 89 8
73 90 9
73 91 1
73 92 2
73 93 3
73 94 4
73 95 5
73 96 6
73 97 7
73 98 8
73 99 9
74 1 2
74 2 4
74 3 6
74 4 8
74 5 1
74 6 3
74 7 5
74 8 7
74 9 9
74 10 2
74 11 4
74 12 6
74 13 8
74 14 1
74 15 3
74 16 5
74 17 7
74 18 9
74 19 2
74 20 4
74 21 6
74 22 8
74 23 1
74 24 3
74 25 5
74 26 7
74 27 9
74 28 2
74 29 4
74 30 6
74 31 8
74 32 1
74 33 3
74 34 5
74 35 7
74 36 9
74 37 2
74 38 4
74 39 6
74 40 8
74 41 1
74 42 3
74 43 5
74 44 7
74 45 9
74 46 2
74 47 4
74 48 6
74 49 8
74 50 1
74 51 3
74 52 5
74 53 7
74 54 9
74 55 2
74 56 4
74 57 6
74 58 8
74 59 1
74 60 3
74 61 5
74 62 7
74 63 9
74 64 2
74 65 4
74 66 6
74 67 8
74 68 1
74 69 3
74 70 5
74 71 7
74 72 9
74 73 2
74 74 4
74 75 6
74 76 8
74 77 1
74 78 3
74 79 5
74 80 7
74 81 9
74 82 2
74 83 4
74 84 6
74 85 8
74 86 1
74 87 3
74 88 5
74 89 7
74 90 9
74 91 2
74 92 4
74 93 6
74 94 8
74 95 1
74 96 3
74 97 5
74 98 7
74 99 9
75 1 3
75 2 6
75 3 9
75 4 3
75 5 6
75 6 9
75 7 3
75 8 6
75 9 9
75 10 3
75 11 6
75 12 9
75 13 3
75 14 6
75 15 9
75 16 3
75 17 6
75 18 9
75 19 3
75 20 6
75 21 9
75 22 3
75 23 6
75 24 9
75 25 3
75 26 6
75 27 9
75 28 3
75 29 6
75 30 9
75 31 3
75 32 6
75 33 9
75 34 3
75 35 6
75 36 9
75 37 3
75 38 6
75 39 9
75 40 3
75 41 6
75 42 9
75 43 3
75 44 6
75 45 9
75 46 3
75 47 6
75 48 9
75 49 3
75 50 6
75 51 9
75 52 3
75 53 6
75 54 9
75 55 3
75 56 6
75 57 9
75 58 3
75 59 6
75 60 9
75 61 3
75 62 6
75 63 9
75 64 3
75 65 6
75 66 9
75 67 3
75 68 6
75 69 9
75 70 3
75 71 6
75 72 9
75 73 3
75 74 6
75 75 9
75 76 3
75 77 6
75 78 9
75 79 3
75 80 6
75 81 9
75 82 3
75 83 6
75 84 9
75 85 3
75 86 6
75 87 9
75 88 3
75 89 6
75 90 9
75 91 3
75 92 6
75 93 9
75 94 3
75 95 6
75 96 9
75 97 3
75 98 6
75 99 9
76 1 4
76 2 8
76 3 3
76 4 7
76 5 2
76 6 6
76 7 1
76 8 5
76 9 9
76 10 4
76 11 8
76 12 3
76 13 7
76 14 2
76 15 6
76 16 1
76 17 5
76 18 9
76 19 4
76 20 8
76 21 3
76 22 7
76 23 2
76 24 6
76 25 1
76 26 5
76 27 9
76 28 4
76 29 8
76 30 3
76 31 7
76 32 2
76 33 6
76 34 1
76 35 5
76 36 9
76 37 4
76 38 8
76 39 3
76 40 7
76 41 2
76 42 6
76 43 1
76 44 5
76 45 9
76 46 4
76 47 8
76 48 3
76 49 7
76 50 2
76 51 6
76 52 1
76 53 5
76 54 9
76 55 4
76 56 8
76 57 3
76 58 7
76 59 2
76 60 6
76 61 1
76 62 5
76 63 9
76 64 4
76 65 8
76 66 3
76 67 7
76 68 2
76 69 6
76 70 1
76 71 5
76 72 9
76 73 4
76 74 8
76 75 3
76 76 7
76 77 2
76 78 6
76 79 1
76 80 5
76 81 9
76 82 4
76 83 8
76 84 3
76 85 7
76 86 2
76 87 6
76 88 1
76 89 5
76 90 9
76 91 4
76 92 8
76 93 3
76 94 7
76 95 2
76 96 6
76 97 1
76 98 5
76 99 9
77 1 5
77 2 1
77 3 6
77 4 2
77 5 7
77 6 3
77 7 8
77 8 4
77 9 9
77 10 5
77 11 1
77 12 6
77 13 2
77 14 7
77 15 3
77 16 8
77 17 4
77 18 9
77 19 5
77 20 1
77 21 6
77 22 2
77 23 7
77 24 3
77 25 8
77 26 4
77 27 9
77 28 5
77 29 1
77 30 6
77 31 2
77 32 7
77 33 3
77 34 8
77 35 4
77 36 9
77 37 5
77 38 1
77 39 6
77 40 2
77 41 7
77 42 3
77 43 8
77 44 4
77 45 9
77 46 5
77 47 1
77 48 6
77 49 2
77 50 7
77 51 3
77 52 8
77 53 4
77 54 9
77 55 5
77 56 1
77 57 6
77 58 2
77 59 7
77 60 3
77 61 8
77 62 4
77 63 9
77 64 5
77 65 1
77 66 6
77 67 2
77 68 7
77 69 3
77 70 8
77 71 4
77 72 9
77 73 5
77 74 1
77 75 6
77 76 2
77 77 7
77 78 3
77 79 8
77 80 4
77 81 9
77 82 5
77 83 1
77 84 6
77 85 2
77 86 7
77 87 3
77 88 8
77 89 4
77 90 9
77 91 5
77 92 1
77 93 6
77 94 2
77 95 7
77 96 3
77 97 8
77 98 4
77 99 9
78 1 6
78 2 3
78 3 9
78 4 6
78 5 3
78 6 9
78 7 6
78 8 3
78 9 9
78 10 6
78 11 3
78 12 9
78 13 6
78 14 3
78 15 9
78 16 6
78 17 3
78 18 9
78 19 6
78 20 3
78 21 9
78 22 6
78 23 3
78 24 9
78 25 6
78 26 3
78 27 9
78 28 6
78 29 3
78 30 9
78 31 6
78 32 3
78 33 9
78 34 6
78 35 3
78 36 9
78 37 6
78 38 3
78 39 9
78 40 6
78 41 3
78 42 9
78 43 6
78 44 3
78 45 9
78 46 6
78 47 3
78 48 9
78 49 6
78 50 3
78 51 9
78 52 6
78 53 3
78 54 9
78 55 6
78 56 3
78 57 9
78 58 6
78 59 3
78 60 9
78 61 6
78 62 3
78 63 9
78 64 6
78 65 3
78 66 9
78 67 6
78 68 3
78 69 9
78 70 6
78 71 3
78 72 9
78 73 6
78 74 3
78 75 9
78 76 6
78 77 3
78 78 9
78 79 6
78 80 3
78 81 9
78 82 6
78 83 3
78 84 9
78 85 6
78 86 3
78 87 9
78 88 6
78 89 3
78 90 9
78 91 6
78 92 3
78 93 9
78 94 6
78 95 3
78 96 9
78 97 6
78 98 3
78 99 9
79 1 7
79 2 5
79 3 3
79 4 1
79 5 8
79 6 6
79 7 4
79 8 2
79 9 9
79 10 7
79 11 5
79 12 3
79 13 1
79 14 8
79 15 6
79 16 4
79 17 2
79 18 9
79 19 7
79 20 5
79 21 3
79 22 1
79 23 8
79 24 6
79 25 4
79 26 2
79 27 9
79 28 7
79 29 5
79 30 3
79 31 1
79 32 8
79 33 6
79 34 4
79 35 2
79 36 9
79 37 7
79 38 5
79 39 3
79 40 1
79 41 8
79 42 6
79 43 4
79 44 2
79 45 9
79 46 7
79 47 5
79 48 3
79 49 1
79 50 8
79 51 6
79 52 4
79 53 2
79 54 9
79 55 7
79 56 5
79 57 3
79 58 1
79 59 8
79 60 6
79 61 4
79 62 2
79 63 9
79 64 7
79 65 5
79 66 3
79 67 1
79 68 8
79 69 6
79 70 4
79 71 2
79 72 9
79 73 7
79 74 5
79 75 3
79 76 1
79 77 8
79 78 6
79 79 4
79 80 2
79 81 9
79 82 7
79 83 5
79 84 3
79 85 1
79 86 8
79 87 6
79 88 4
79 89 2
79 90 9
79 91 7
79 92 5
79 93 3
79 94 1
79 95 8
79 96 6
79 97 4
79 98 2
79 99 9
80 1 8
80 2 7
80 3 6
80 4 5
80 5 4
80 6 3
80 7 2
80 8 1
80 9 9
80 10 8
80 11 7
80 12 6
80 13 5
80 14 4
80 15 3
80 16 2
80 17 1
80 18 9
80 19 8
80 20 7
80 21 6
80 22 5
80 23 4
80 24 3
80 25 2
80 26 1
80 27 9
80 28 8
80 29 7
80 30 6
80 31 5
80 32 4
80 33 3
80 34 2
80 35 1
80 36 9
80 37 8
80 38 7
80 39 6
80 40 5
80 41 4
80 42 3
80 43 2
80 44 1
80 45 9
80 46 8
80 47 7
80 48 6
80 49 5
80 50 4
80 51 3
80 52 2
80 53 1
80 54 9
80 55 8
80 56 7
80 57 6
80 58 5
80 59 4
80 60 3
80 61 2
80 62 1
80 63 9
80 64 8
80 65 7
80 66 6
80 67 5
80 68 4
80 69 3
80 70 2
80 71 1
80 72 9
80 73 8
80 74 7
80 75 6
80 76 5
80 77 4
80 78 3
80 79 2
80 80 1
80 81 9
80 82 8
80 83 7
80 84 6
80 85 5
80 86 4
80 87 3
80 88 2
80 89 1
80 90 9
80 91 8
80 92 7
80 93 6
80 94 5
80 95 4
80 96 3
80 97 2
80 98 1
80 99 9
81 1 9
81 2 9
81 3 9
81 4 9
81 5 9
81 6 9
81 7 9
81 8 9
81 9 9
81 10 9
81 11 9
81 12 9
81 13 9
81 14 9
81 15 9
81 16 9
81 17 9
81 18 9
81 19 9
81 20 9
81 21 9
81 22 9
81 23 9
81 24 9
81 25 9
81 26 9
81 27 9
81 28 9
81 29 9
81 30 9
81 31 9
81 32 9
81 33 9
81 34 9
81 35 9
81 36 9
81 37 9
81 38 9
81 39 9
81 40 9
81 41 9
81 42 9
81 43 9
81 44 9
81 45 9
81 46 9
81 47 9
81 48 9
81 49 9
81 50 9
81 51 9
81 52 9
81 53 9
81 54 9
81 55 9
81 56 9
81 57 9
81 58 9
81 59 9
81 60 9
81 61 9
81 62 9
81 63 9
81 64 9
81 65 9
81 66 9
81 67 9
81 68 9
81 69 9
81 70 9
81 71 9
81 72 9
81 73 9
81 74 9
81 75 9
81 76 9
81 77 9
81 78 9
81 79 9
81 80 9
81 81 9
81 82 9
81 83 9
81 84 9
81 85 9
81 86 9
81 87 9
81 88 9
81 89 9
81 90 9
81 91 9
81 92 9
81 93 9
81 94 9
81 95 9
81 96 9
81 97 9
81 98 9
81 99 9
82 1 1
82 2 2
82 3 3
82 4 4
82 5 5
82 6 6
82 7 7
82 8 8
82 9 9
82 10 1
82 11 2
82 12 3
82 13 4
82 14 5
82 15 6
82 16 7
82 17 8
82 18 9
82 19 1
82 20 2
82 21 3
82 22 4
82 23 5
82 24 6
82 25 7
82 26 8
82 27 9
82 28 1
82 29 2
82 30 3
82 31 4
82 32 5
82 33 6
82 34 7
82 35 8
82 36 9
82 37 1
82 38 2
82 39 3
82 40 4
82 41 5
82 42 6
82 43 7
82 44 8
82 45 9
82 46 1
82 47 2
82 48 3
82 49 4
82 50 5
82 51 6
82 52 7
82 53 8
82 54 9
82 55 1
82 56 2
82 57 3
82 58 4
82 59 5
82 60 6
82 61 7
82 62 8
82 63 9
82 64 1
82 65 2
82 66 3
82 67 4
82 68 5
82 69 6
82 70 7
82 71 8
82 72 9
82 73 1
82 74 2
82 75 3
82 76 4
82 77 5
82 78 6
82 79 7
82 80 8
82 81 9
82 82 1
82 83 2
82 84 3
82 85 4
82 86 5
82 87 6
82 88 7
82 89 8
82 90 9
82 91 1
82 92 2
82 93 3
82 94 4
82 95 5
82 96 6
82 97 7
82 98 8
82 99 9
83 1 2
83 2 4
83 3 6
83 4 8
83 5 1
83 6 3
83 7 5
83 8 7
83 9 9
83 10 2
83 11 4
83 12 6
83 13 8
83 14 1
83 15 3
83 16 5
83 17 7
83 18 9
83 19 2
83 20 4
83 21 6
83 22 8
83 23 1
83 24 3
83 25 5
83 26 7
83 27 9
83 28 2
83 29 4
83 30 6
83 31 8
83 32 1
83 33 3
83 34 5
83 35 7
83 36 9
83 37 2
83 38 4
83 39 6
83 40 8
83 41 1
83 42 3
83 43 5
83 44 7
83 45 9
83 46 2
83 47 4
83 48 6
83 49 8
83 50 1
83 51 3
83 52 5
83 53 7
83 54 9
83 55 2
83 56 4
83 57 6
83 58 8
83 59 1
83 60 3
83 61 5
83 62 7
83 63 9
83 64 2
83 65 4
83 66 6
83 67 8
83 68 1
83 69 3
83 70 5
83 71 7
83 72 9
83 73 2
83 74 4
83 75 6
83 76 8
83 77 1
83 78 3
83 79 5
83 80 7
83 81 9
83 82 2
83 83 4
83 84 6
83 85 8
83 86 1
83 87 3
83 88 5
83 89 7
83 90 9
83 91 2
83 92 4
83 93 6
83 94 8
83 95 1
83 96 3
83 97 5
83 98 7
83 99 9
84 1 3
84 2 6
84 3 9
84 4 3
84 5 6
84 6 9
84 7 3
84 8 6
84 9 9
84 10 3
84 11 6
84 12 9
84 13 3
84 14 6
84 15 9
84 16 3
84 17 6
84 18 9
84 19 3
84 20 6
84 21 9
84 22 3
84 23 6
84 24 9
84 25 3
84 26 6
84 27 9
84 28 3
84 29 6
84 30 9
84 31 3
84 32 6
84 33 9
84 34 3
84 35 6
84 36 9
84 37 3
84 38 6
84 39 9
84 40 3
84 41 6
84 42 9
84 43 3
84 44 6
84 45 9
84 46 3
84 47 6
84 48 9
84 49 3
84 50 6
84 51 9
84 52 3
84 53 6
84 54 9
84 55 3
84 56 6
84 57 9
84 58 3
84 59 6
84 60 9
84 61 3
84 62 6
84 63 9
84 64 3
84 65 6
84 66 9
84 67 3
84 68 6
84 69 9
84 70 3
84 71 6
84 72 9
84 73 3
84 74 6
84 75 9
84 76 3
84 77 6
84 78 9
84 79 3
84 80 6
84 81 9
84 82 3
84 83 6
84 84 9
84 85 3
84 86 6
84 87 9
84 88 3
84 89 6
84 90 9
84 91 3
84 92 6
84 93 9
84 94 3
84 95 6
84 96 9
84 97 3
84 98 6
84 99 9
85 1 4
85 2 8
85 3 3
85 4 7
85 5 2
85 6 6
85 7 1
85 8 5
85 9 9
85 10 4
85 11 8
85 12 3
85 13 7
85 14 2
85 15 6
85 16 1
85 17 5
85 18 9
85 19 4
85 20 8
85 21 3
85 22 7
85 23 2
85 24 6
85 25 1
85 26 5
85 27 9
85 28 4
85 29 8
85 30 3
85 31 7
85 32 2
85 33 6
85 34 1
85 35 5
85 36 9
85 37 4
85 38 8
85 39 3
85 40 7
85 41 2
85 42 6
85 43 1
85 44 5
85 45 9
85 46 4
85 47 8
85 48 3
85 49 7
85 50 2
85 51 6
85 52 1
85 53 5
85 54 9
85 55 4
85 56 8
85 57 3
85 58 7
85 59 2
85 60 6
85 61 1
85 62 5
85 63 9
85 64 4
85 65 8
85 66 3
85 67 7
85 68 2
85 69 6
85 70 1
85 71 5
85 72 9
85 73 4
85 74 8
85 75 3
85 76 7
85 77 2
85 78 6
85 79 1
85 80 5
85 81 9
85 82 4
85 83 8
85 84 3
85 85 7
85 86 2
85 87 6
85 88 1
85 89 5
85 90 9
85 91 4
85 92 8
85 93 3
85 94 7
85 95 2
85 96 6
85 97 1
85 98 5
85 99 9
86 1 5
86 2 1
86 3 6
86 4 2
86 5 7
86 6 3
86 7 8
86 8 4
86 9 9
86 10 5
86 11 1
86 12 6
86 13 2
86 14 7
86 15 3
86 16 8
86 17 4
86 18 9
86 19 5
86 20 1
86 21 6
86 22 2
86 23 7
86 24 3
86 25 8
86 26 4
86 27 9
86 28 5
86 29 1
86 30 6
86 31 2
86 32 7
86 33 3
86 34 8
86 35 4
86 36 9
86 37 5
86 38 1
86 39 6
86 40 2
86 41 7
86 42 3
86 43 8
86 44 4
86 45 9
86 46 5
86 47 1
86 48 6
86 49 2
86 50 7
86 51 3
86 52 8
86 53 4
86 54 9
86 55 5
86 56 1
86 57 6
86 58 2
86 59 7
86 60 3
86 61 8
86 62 4
86 63 9
86 64 5
86 65 1
86 66 6
86 67 2
86 68 7
86 69 3
86 70 8
86 71 4
86 72 9
86 73 5
86 74 1
86 75 6
86 76 2
86 77 7
86 78 3
86 79 8
86 80 4
86 81 9
86 82 5
86 83 1
86 84 6
86 85 2
86 86 7
86 87 3
86 88 8
86 89 4
86 90 9
86 91 5
86 92 1
86 93 6
86 94 2
86 95 7
86 96 3
86 97 8
86 98 4
86 99 9
87 1 6
87 2 3
87 3 9
87 4 6
87 5 3
87 6 9
87 7 6
87 8 3
87 9 9
87 10 6
87 11 3
87 12 9
87 13 6
87 14 3
87 15 9
87 16 6
87 17 3
87 18 9
87 19 6
87 20 3
87 21 9
87 22 6
87 23 3
87 24 9
87 25 6
87 26 3
87 27 9
87 28 6
87 29 3
87 30 9
87 31 6
87 32 3
87 33 9
87 34 6
87 35 3
87 36 9
87 37 6
87 38 3
87 39 9
87 40 6
87 41 3
87 42 9
87 43 6
87 44 3
87 45 9
87 46 6
87 47 3
87 48 9
87 49 6
87 50 3
87 51 9
87 52 6
87 53 3
87 54 9
87 55 6
87 56 3
87 57 9
87 58 6
87 59 3
87 60 9
87 61 6
87 62 3
87 63 9
87 64 6
87 65 3
87 66 9
87 67 6
87 68 3
87 69 9
87 70 6
87 71 3
87 72 9
87 73 6
87 74 3
87 75 9
87 76 6
87 77 3
87 78 9
87 79 6
87 80 3
87 81 9
87 82 6
87 83 3
87 84 9
87 85 6
87 86 3
87 87 9
87 88 6
87 89 3
87 90 9
87 91 6
87 92 3
87 93 9
87 94 6
87 95 3
87 96 9
87 97 6
87 98 3
87 99 9
88 1 7
88 2 5
88 3 3
88 4 1
88 5 8
88 6 6
88 7 4
88 8 2
88 9 9
88 10 7
88 11 5
88 12 3
88 13 1
88 14 8
88 15 6
88 16 4
88 17 2
88 18 9
88 19 7
88 20 5
88 21 3
88 22 1
88 23 8
88 24 6
88 25 4
88 26 2
88 27 9
88 28 7
88 29 5
88 30 3
88 31 1
88 32 8
88 33 6
88 34 4
88 35 2
88 36 9
88 37 7
88 38 5
88 39 3
88 40 1
88 41 8
88 42 6
88 43 4
88 44 2
88 45 9
88 46 7
88 47 5
88 48 3
88 49 1
88 50 8
88 51 6
88 52 4
88 53 2
88 54 9
88 55 7
88 56 5
88 57 3
88 58 1
88 59 8
88 60 6
88 61 4
88 62 2
88 63 9
88 64 7
88 65 5
88 66 3
88 67 1
88 68 8
88 69 6
88 70 4
88 71 2
88 72 9
88 73 7
88 74 5
88 75 3
88 76 1
88 77 8
88 78 6
88 79 4
88 80 2
88 81 9
88 82 7
88 83 5
88 84 3
88 85 1
88 86 8
88 87 6
88 88 4
88 89 2
88 90 9
88 91 7
88 92 5
88 93 3
88 94 1
88 95 8
88 96 6
88 97 4
88 98 2
88 99 9
89 1 8
89 2 7
89 3 6
89 4 5
89 5 4
89 6 3
89 7 2
89 8 1
89 9 9
89 10 8
89 11 7
89 12 6
89 13 5
89 14 4
89 15 3
89 16 2
89 17 1
89 18 9
89 19 8
89 20 7
89 21 6
89 22 5
89 23 4
89 24 3
89 25 2
89 26 1
89 27 9
89 28 8
89 29 7
89 30 6
89 31 5
89 32 4
89 33 3
89 34 2
89 35 1
89 36 9
89 37 8
89 38 7
89 39 6
89 40 5
89 41 4
89 42 3
89 43 2
89 44 1
89 45 9
89 46 8
89 47 7
89 48 6
89 49 5
89 50 4
89 51 3
89 52 2
89 53 1
89 54 9
89 55 8
89 56 7
89 57 6
89 58 5
89 59 4
89 60 3
89 61 2
89 62 1
89 63 9
89 64 8
89 65 7
89 66 6
89 67 5
89 68 4
89 69 3
89 70 2
89 71 1
89 72 9
89 73 8
89 74 7
89 75 6
89 76 5
89 77 4
89 78 3
89 79 2
89 80 1
89 81 9
89 82 8
89 83 7
89 84 6
89 85 5
89 86 4
89 87 3
89 88 2
89 89 1
89 90 9
89 91 8
89 92 7
89 93 6
89 94 5
89 95 4
89 96 3
89 97 2
89 98 1
89 99 9
90 1 9
90 2 9
90 3 9
90 4 9
90 5 9
90 6 9
90 7 9
90 8 9
90 9 9
90 10 9
90 11 9
90 12 9
90 13 9
90 14 9
90 15 9
90 16 9
90 17 9
90 18 9
90 19 9
90 20 9
90 21 9
90 22 9
90 23 9
90 24 9
90 25 9
90 26 9
90 27 9
90 28 9
90 29 9
90 30 9
90 31 9
90 32 9
90 33 9
90 34 9
90 35 9
90 36 9
90 37 9
90 38 9
90 39 9
90 40 9
90 41 9
90 42 9
90 43 9
90 44 9
90 45 9
90 46 9
90 47 9
90 48 9
90 49 9
90 50 9
90 51 9
90 52 9
90 53 9
90 54 9
90 55 9
90 56 9
90 57 9
90 58 9
90 59 9
90 60 9
90 61 9
90 62 9
90 63 9
90 64 9
90 65 9
90 66 9
90 67 9
90 68 9
90 69 9
90 70 9
90 71 9
90 72 9
90 73 9
90 74 9
90 75 9
90 76 9
90 77 9
90 78 9
90 79 9
90 80 9
90 81 9
90 82 9
90 83 9
90 84 9
90 85 9
90 86 9
90 87 9
90 88 9
90 89 9
90 90 9
90 91 9
90 92 9
90 93 9
90 94 9
90 95 9
90 96 9
90 97 9
90 98 9
90 99 9
91 1 1
91 2 2
91 3 3
91 4 4
91 5 5
91 6 6
91 7 7
91 8 8
91 9 9
91 10 1
91 11 2
91 12 3
91 13 4
91 14 5
91 15 6
91 16 7
91 17 8
91 18 9
91 19 1
91 20 2
91 21 3
91 22 4
91 23 5
91 24 6
91 25 7
91 26 8
91 27 9
91 28 1
91 29 2
91 30 3
91 31 4
91 32 5
91 33 6
91 34 7
91 35 8
91 36 9
91 37 1
91 38 2
91 39 3
91 40 4
91 41 5
91 42 6
91 43 7
91 44 8
91 45 9
91 46 1
91 47 2
91 48 3
91 49 4
91 50 5
91 51 6
91 52 7
91 53 8
91 54 9
91 55 1
91 56 2
91 57 3
91 58 4
91 59 5
91 60 6
91 61 7
91 62 8
91 63 9
91 64 1
91 65 2
91 66 3
91 67 4
91 68 5
91 69 6
91 70 7
91 71 8
91 72 9
91 73 1
91 74 2
91 75 3
91 76 4
91 77 5
91 78 6
91 79 7
91 80 8
91 81 9
91 82 1
91 83 2
91 84 3
91 85 4
91 86 5
91 87 6
91 88 7
91 89 8
91 90 9
91 91 1
91 92 2
91 93 3
91 94 4
91 95 5
91 96 6
91 97 7
91 98 8
91 99 9
92 1 2
92 2 4
92 3 6
92 4 8
92 5 1
92 6 3
92 7 5
92 8 7
92 9 9
92 10 2
92 11 4
92 12 6
92 13 8
92 14 1
92 15 3
92 16 5
92 17 7
92 18 9
92 19 2
92 20 4
92 21 6
92 22 8
92 23 1
92 24 3
92 25 5
92 26 7
92 27 9
92 28 2
92 29 4
92 30 6
92 31 8
92 32 1
92 33 3
92 34 5
92 35 7
92 36 9
92 37 2
92 38 4
92 39 6
92 40 8
92 41 1
92 42 3
92 43 5
92 44 7
92 45 9
92 46 2
92 47 4
92 48 6
92 49 8
92 50 1
92 51 3
92 52 5
92 53 7
92 54 9
92 55 2
92 56 4
92 57 6
92 58 8
92 59 1
92 60 3
92 61 5
92 62 7
92 63 9
92 64 2
92 65 4
92 66 6
92 67 8
92 68 1
92 69 3
92 70 5
92 71 7
92 72 9
92 73 2
92 74 4
92 75 6
92 76 8
92 77 1
92 78 3
92 79 5
92 80 7
92 81 9
92 82 2
92 83 4
92 84 6
92 85 8
92 86 1
92 87 3
92 88 5
92 89 7
92 90 9
92 91 2
92 92 4
92 93 6
92 94 8
92 95 1
92 96 3
92 97 5
92 98 7
92 99 9
93 1 3
93 2 6
93 3 9
93 4 3
93 5 6
93 6 9
93 7 3
93 8 6
93 9 9
93 10 3
93 11 6
93 12 9
93 13 3
93 14 6
93 15 9
93 16 3
93 17 6
93 18 9
93 19 3
93 20 6
93 21 9
93 22 3
93 23 6
93 24 9
93 25 3
93 26 6
93 27 9
93 28 3
93 29 6
93 30 9
93 31 3
93 32 6
93 33 9
93 34 3
93 35 6
93 36 9
93 37 3
93 38 6
93 39 9
93 40 3
93 41 6
93 42 9
93 43 3
93 44 6
93 45 9
93 46 3
93 47 6
93 48 9
93 49 3
93 50 6
93 51 9
93 52 3
93 53 6
93 54 9
93 55 3
93 56 6
93 57 9
93 58 3
93 59 6
93 60 9
93 61 3
93 62 6
93 63 9
93 64 3
93 65 6
93 66 9
93 67 3
93 68 6
93 69 9
93 70 3
93 71 6
93 72 9
93 73 3
93 74 6
93 75 9
93 76 3
93 77 6
93 78 9
93 79 3
93 80 6
93 81 9
93 82 3
93 83 6
93 84 9
93 85 3
93 86 6
93 87 9
93 88 3
93 89 6
93 90 9
93 91 3
93 92 6
93 93 9
93 94 3
93 95 6
93 96 9
93 97 3
93 98 6
93 99 9
94 1 4
94 2 8
94 3 3
94 4 7
94 5 2
94 6 6
94 7 1
94 8 5
94 9 9
94 10 4
94 11 8
94 12 3
94 13 7
94 14 2
94 15 6
94 16 1
94 17 5
94 18 9
94 19 4
94 20 8
94 21 3
94 22 7
94 23 2
94 24 6
94 25 1
94 26 5
94 27 9
94 28 4
94 29 8
94 30 3
94 31 7
94 32 2
94 33 6
94 34 1
94 35 5
94 36 9
94 37 4
94 38 8
94 39 3
94 40 7
94 41 2
94 42 6
94 43 1
94 44 5
94 45 9
94 46 4
94 47 8
94 48 3
94 49 7
94 50 2
94 51 6
94 52 1
94 53 5
94 54 9
94 55 4
94 56 8
94 57 3
94 58 7
94 59 2
94 60 6
94 61 1
94 62 5
94 63 9
94 64 4
94 65 8
94 66 3
94 67 7
94 68 2
94 69 6
94 70 1
94 71 5
94 72 9
94 73 4
94 74 8
94 75 3
94 76 7
94 77 2
94 78 6
94 79 1
94 80 5
94 81 9
94 82 4
94 83 8
94 84 3
94 85 7
94 86 2
94 87 6
94 88 1
94 89 5
94 90 9
94 91 4
94 92 8
94 93 3
94 94 7
94 95 2
94 96 6
94 97 1
94 98 5
94 99 9
95 1 5
95 2 1
95 3 6
95 4 2
95 5 7
95 6 3
95 7 8
95 8 4
95 9 9
95 10 5
95 11 1
95 12 6
95 13 2
95 14 7
95 15 3
95 16 8
95 17 4
95 18 9
95 19 5
95 20 1
95 21 6
95 22 2
95 23 7
95 24 3
95 25 8
95 26 4
95 27 9
95 28 5
95 29 1
95 30 6
95 31 2
95 32 7
95 33 3
95 34 8
95 35 4
95 36 9
95 37 5
95 38 1
95 39 6
95 40 2
95 41 7
95 42 3
95 43 8
95 44 4
95 45 9
95 46 5
95 47 1
95 48 6
95 49 2
95 50 7
95 51 3
95 52 8
95 53 4
95 54 9
95 55 5
95 56 1
95 57 6
95 58 2
95 59 7
95 60 3
95 61 8
95 62 4
95 63 9
95 64 5
95 65 1
95 66 6
95 67 2
95 68 7
95 69 3
95 70 8
95 71 4
95 72 9
95 73 5
95 74 1
95 75 6
95 76 2
95 77 7
95 78 3
95 79 8
95 80 4
95 81 9
95 82 5
95 83 1
95 84 6
95 85 2
95 86 7
95 87 3
95 88 8
95 89 4
95 90 9
95 91 5
95 92 1
95 93 6
95 94 2
95 95 7
95 96 3
95 97 8
95 98 4
95 99 9
96 1 6
96 2 3
96 3 9
96 4 6
96 5 3
96 6 9
96 7 6
96 8 3
96 9 9
96 10 6
96 11 3
96 12 9
96 13 6
96 14 3
96 15 9
96 16 6
96 17 3
96 18 9
96 19 6
96 20 3
96 21 9
96 22 6
96 23 3
96 24 9
96 25 6
96 26 3
96 27 9
96 28 6
96 29 3
96 30 9
96 31 6
96 32 3
96 33 9
96 34 6
96 35 3
96 36 9
96 37 6
96 38 3
96 39 9
96 40 6
96 41 3
96 42 9
96 43 6
96 44 3
96 45 9
96 46 6
96 47 3
96 48 9
96 49 6
96 50 3
96 51 9
96 52 6
96 53 3
96 54 9
96 55 6
96 56 3
96 57 9
96 58 6
96 59 3
96 60 9
96 61 6
96 62 3
96 63 9
96 64 6
96 65 3
96 66 9
96 67 6
96 68 3
96 69 9
96 70 6
96 71 3
96 72 9
96 73 6
96 74 3
96 75 9
96 76 6
96 77 3
96 78 9
96 79 6
96 80 3
96 81 9
96 82 6
96 83 3
96 84 9
96 85 6
96 86 3
96 87 9
96 88 6
96 89 3
96 90 9
96 91 6
96 92 3
96 93 9
96 94 6
96 95 3
96 96 9
96 97 6
96 98 3
96 99 9
97 1 7
97 2 5
97 3 3
97 4 1
97 5 8
97 6 6
97 7 4
97 8 2
97 9 9
97 10 7
97 11 5
97 12 3
97 13 1
97 14 8
97 15 6
97 16 4
97 17 2
97 18 9
97 19 7
97 20 5
97 21 3
97 22 1
97 23 8
97 24 6
97 25 4
97 26 2
97 27 9
97 28 7
97 29 5
97 30 3
97 31 1
97 32 8
97 33 6
97 34 4
97 35 2
97 36 9
97 37 7
97 38 5
97 39 3
97 40 1
97 41 8
97 42 6
97 43 4
97 44 2
97 45 9
97 46 7
97 47 5
97 48 3
97 49 1
97 50 8
97 51 6
97 52 4
97 53 2
97 54 9
97 55 7
97 56 5
97 57 3
97 58 1
97 59 8
97 60 6
97 61 4
97 62 2
97 63 9
97 64 7
97 65 5
97 66 3
97 67 1
97 68 8
97 69 6
97 70 4
97 71 2
97 72 9
97 73 7
97 74 5
97 75 3
97 76 1
97 77 8
97 78 6
97 79 4
97 80 2
97 81 9
97 82 7
97 83 5
97 84 3
97 85 1
97 86 8
97 87 6
97 88 4
97 89 2
97 90 9
97 91 7
97 92 5
97 93 3
97 94 1
97 95 8
97 96 6
97 97 4
97 98 2
97 99 9
98 1 8
98 2 7
98 3 6
98 4 5
98 5 4
98 6 3
98 7 2
98 8 1
98 9 9
98 10 8
98 11 7
98 12 6
98 13 5
98 14 4
98 15 3
98 16 2
98 17 1
98 18 9
98 19 8
98 20 7
98 21 6
98 22 5
98 23 4
98 24 3
98 25 2
98 26 1
98 27 9
98 28 8
98 29 7
98 30 6
98 31 5
98 32 4
98 33 3
98 34 2
98 35 1
98 36 9
98 37 8
98 38 7
98 39 6
98 40 5
98 41 4
98 42 3
98 43 2
98 44 1
98 45 9
98 46 8
98 47 7
98 48 6
98 49 5
98 50 4
98 51 3
98 52 2
98 53 1
98 54 9
98 55 8
98 56 7
98 57 6
98 58 5
98 59 4
98 60 3
98 61 2
98 62 1
98 63 9
98 64 8
98 65 7
98 66 6
98 67 5
98 68 4
98 69 3
98 70 2
98 71 1
98 72 9
98 73 8
98 74 7
98 75 6
98 76 5
98 77 4
98 78 3
98 79 2
98 80 1
98 81 9
98 82 8
98 83 7
98 84 6
98 85 5
98 86 4
98 87 3
98 88 2
98 89 1
98 90 9
98 91 8
98 92 7
98 93 6
98 94 5
98 95 4
98 96 3
98 97 2
98 98 1
98 99 9
99 1 9
99 2 9
99 3 9
99 4 9
99 5 9
99 6 9
99 7 9
99 8 9
99 9 9
99 10 9
99 11 9
99 12 9
99 13 9
99 14 9
99 15 9
99 16 9
99 17 9
99 18 9
99 19 9
99 20 9
99 21 9
99 22 9
99 23 9
99 24 9
99 25 9
99 26 9
99 27 9
99 28 9
99 29 9
99 30 9
99 31 9
99 32 9
99 33 9
99 34 9
99 35 9
99 36 9
99 37 9
99 38 9
99 39 9
99 40 9
99 41 9
99 42 9
99 43 9
99 44 9
99 45 9
99 46 9
99 47 9
99 48 9
99 49 9
99 50 9
99 51 9
99 52 9
99 53 9
99 54 9
99 55 9
99 56 9
99 57 9
99 58 9
99 59 9
99 60 9
99 61 9
99 62 9
99 63 9
99 64 9
99 65 9
99 66 9
99 67 9
99 68 9
99 69 9
99 70 9
99 71 9
99 72 9
99 73 9
99 74 9
99 75 9
99 76 9
99 77 9
99 78 9
99 79 9
99 80 9
99 81 9
99 82 9
99 83 9
99 84 9
99 85 9
99 86 9
99 87 9
99 88 9
99 89 9
99 90 9
99 91 9
99 92 9
99 93 9
99 94 9
99 95 9
99 96 9
99 97 9
99 98 9
99 99 9
